0 12.386984414343397
1 11.737368750714031
2 11.900678731715681
3 11.527215528365772
4 11.819535944443324
5 12.298477060083485
6 11.995907314277863
7 11.754579828607898
8 11.936430330370467
9 11.865666414278763
10 11.665956075910183
11 11.534876219777694
12 11.940014324047647
13 11.606484511516298
14 11.602308392356536
15 11.66665175379269
16 11.631722336390517
17 11.793532115261778
18 11.636415646040483
19 11.782876943883489
20 11.602323529203607
21 12.36281197416553
22 12.049313434673833
23 11.563307604619482
24 12.479738987028405
25 11.736343142628623
26 11.640700144788456
27 11.815305373798548
28 12.309847451615672
29 12.464406742553566
30 12.200099584674545
31 12.088211159344132
32 12.491432316690508
33 11.834568265130617
34 11.979287164508214
35 11.860662684953375
36 12.151933743566742
37 11.804901467326534
38 12.118707201304469
39 11.886740184871172
40 12.423859003678965
41 12.423275311123042
42 12.28058536671863
43 11.804795360148027
44 12.415704825039438
45 12.000333203633902
46 11.864530964220814
47 11.64601244526613
48 12.335896021479476
49 11.898240826508019
50 12.016553008075665
51 12.365008957514897
52 12.46151817581827
53 12.255658725807503
54 12.039130563922864
55 11.805717756411584
56 12.18381550188873
57 11.546460027221094
58 11.874026234133929
59 11.886259647402849
60 11.936804457141005
61 11.728056016634206
62 11.524718520027749
63 11.718411788120255
64 12.307374636361725
65 11.951932739195843
66 11.709808792021958
67 11.853466102629085
68 12.257002113780942
69 12.257820083759896
70 11.5255139002913
71 11.86485547346436
72 11.783893877563157
73 12.267030140046359
74 11.693107051890642
75 11.84909110310422
76 12.01266047903177
77 11.669702887117259
78 11.559753441263387
79 11.847605881815694
80 12.293727343609788
81 11.81910926913086
82 11.623949997905383
83 11.61413924171586
84 12.217780023351118
85 11.76208168732089
86 11.832416764047977
87 11.959867932650056
88 12.358804760571257
89 12.161197565239622
90 12.081491539953646
91 11.85975132391402
92 12.455466994196957
93 11.69930106417538
94 12.066055496451213
95 11.793325095846845
96 12.269539908430874
97 11.656371277862743
98 11.95854224694357
99 12.062116948240154
100 23.81377501010636
101 24.18286133158458
102 23.927578639111072
103 23.93747605943716
104 23.634879363314997
105 24.136158411331465
106 24.32608420269479
107 24.442486995184705
108 23.80159046283708
109 24.239799458208694
110 24.442635179549015
111 23.542222658119673
112 24.265562575653664
113 23.662756118678395
114 23.619239356605366
115 23.705992245768144
116 23.631183949228053
117 24.35446613267002
118 24.34461559273436
119 24.316432275278306
120 23.786294325589587
121 23.974437015753033
122 24.49814769641606
123 23.837199485363936
124 24.12927925503018
125 23.56858592119417
126 23.760668145391275
127 24.34370164195752
128 24.112706373768955
129 23.68715771912418
130 24.304249539051945
131 23.844968805568485
132 23.57966780229821
133 23.646414575322407
134 24.46055774406564
135 23.712413777355053
136 24.085402238158746
137 23.50757862118635
138 23.578335734644487
139 23.810860389787468
140 23.622922014182155
141 24.085948909857333
142 23.80311728059254
143 23.743962550397267
144 23.76803190310446
145 24.29358046895582
146 23.833192297607535
147 24.064385779608877
148 23.64572874398501
149 23.73343971093024
150 24.39981957862819
151 23.907358032743527
152 23.84938486273007
153 24.03134211461685
154 24.185045748663523
155 24.31356692493485
156 24.168427586857423
157 24.46895935884731
158 23.90041779567395
159 24.088963795482037
160 24.073025432130596
161 23.89644537059602
162 23.81834261803584
163 23.81179644291371
164 24.411644147072842
165 23.792408765110373
166 24.298250774119285
167 24.0547792200605
168 24.483263653493918
169 24.457619880002753
170 24.47593243911019
171 23.576212203397244
172 23.963047110163345
173 23.786389780970836
174 24.223108724417575
175 23.80134138247691
176 24.03768004296816
177 23.862607831817506
178 23.57641069071475
179 24.492380492509287
180 24.343247303536458
181 24.295599413116726
182 23.882780525023733
183 24.199719338540287
184 23.96758264483368
185 24.1399895819113
186 24.08734287964983
187 24.068851281211337
188 24.17456672625471
189 24.28208339819868
190 24.33516641041892
191 24.113780891090233
192 23.657072823951594
193 23.84423060910639
194 24.146450961074525
195 23.95356502592363
196 24.015025868415446
197 23.63495785474518
198 24.143641718198328
199 23.63153140697579
200 24.219656304893462
201 24.276456461320592
202 24.08360998217558
203 24.371932999502196
204 24.154973444485634
205 24.334297824417963
206 23.74441681809381
207 24.00872609163639
208 24.1161771595401
209 24.37675758213868
210 24.345911770943527
211 24.17613020380367
212 24.33321080600929
213 23.946205169732607
214 23.786668026692038
215 24.420381375311806
216 23.92134918954814
217 23.661124595703022
218 23.577727807767715
219 23.609282931372746
220 24.19489406655606
221 23.908064113141926
222 23.665790512959024
223 23.620128789102612
224 23.91781923028927
225 23.948799810828476
226 23.98396325159088
227 24.13300783651899
228 23.688459615991317
229 23.53714690849725
230 24.415720756868474
231 24.18005985980729
232 23.710798016534152
233 24.486681657578885
234 24.389796217517844
235 24.126290613356026
236 24.0964327446813
237 23.52556153740276
238 24.264301540224913
239 24.44479132490416
240 24.000023069518747
241 23.97417016554353
242 24.2251929552855
243 23.712302893286004
244 23.989650209617597
245 23.737324539772754
246 23.91097794912268
247 23.880856871528156
248 24.245498439576757
249 24.097502142810086
250 24.133564018564357
251 23.93037628600532
252 24.45291060340737
253 24.437396183496837
254 23.832003512497216
255 24.01742765374036
256 23.560723468846046
257 23.610673296253385
258 23.700910943305622
259 23.96384340354064
260 24.301349413323244
261 24.122804596146235
262 24.170311324043666
263 24.102166458702857
264 23.549246894198482
265 24.13674727477693
266 24.47447904578623
267 23.677271190403562
268 23.94169170827908
269 24.340466949411685
270 24.277539099869493
271 23.996082706397004
272 24.142705564624013
273 24.466120920181243
274 24.485145673896497
275 23.789514784259378
276 24.221114963996428
277 24.331336529271496
278 23.869767374866985
279 23.50415510342406
280 23.99127574634078
281 23.58872441821979
282 24.032169836988746
283 24.344078966978145
284 23.90442790005072
285 24.332165232163483
286 24.206285236776424
287 24.20183942386517
288 24.19900830306977
289 24.00173726409055
290 24.12890391504937
291 23.7269169217854
292 24.429565979477292
293 24.006433762272028
294 24.2818088779886
295 23.703305576642666
296 24.0965819574199
297 23.70096634600231
298 23.935715358841716
299 24.42994988891751
300 24.393650105733702
301 23.5754459006527
302 23.969634634628886
303 23.60995833346408
304 23.950189993392566
305 23.727029319247947
306 23.54856498604043
307 23.945021325581457
308 23.63575994416868
309 24.268672621813437
310 23.579535325898256
311 23.551340522381395
312 23.881804437374427
313 24.365673779950026
314 24.466002959528552
315 24.18786395780429
316 24.26346740408917
317 23.779965421842256
318 23.799645985182025
319 24.437261974909006
320 24.128602172100447
