0 11.812191348106767
1 12.305004950674503
2 12.384143448957447
3 12.466680784020408
4 12.198971838525862
5 11.561260609280463
6 11.981984316683766
7 12.121841239455682
8 11.956346170294097
9 11.746973879933721
10 11.752697671132243
11 11.657921818973023
12 11.690441353759482
13 11.947427893600624
14 12.270975773086649
15 12.46672343464362
16 12.318263176221627
17 12.438040963601749
18 12.26036453369521
19 11.871630336376743
20 11.558492102104783
21 11.873462063346722
22 11.833110070715698
23 11.826011222210308
24 11.517149961140637
25 11.992373775435448
26 12.417034423885145
27 11.586714241578134
28 12.176236855015786
29 11.723669537826483
30 11.66808575456951
31 12.064272243288148
32 12.22229812627339
33 12.176496490621657
34 12.38297858386959
35 11.743079997591478
36 11.71191588620353
37 12.231439833129798
38 12.405981105231879
39 12.070025718218655
40 11.634694535934344
41 12.085643174708279
42 11.717090027441715
43 12.328336507665624
44 11.948351399460217
45 12.087519968884791
46 12.138019479871772
47 11.668519203936427
48 12.38406527291667
49 12.175485530697236
50 11.825683849497159
51 11.765218162081805
52 12.359062272934906
53 12.135005874552736
54 12.302665064247456
55 12.325566376599689
56 12.334871849521358
57 11.90872940876349
58 12.089465343016391
59 11.983095117223938
60 12.073406570697562
61 11.980309066585802
62 12.100685684330877
63 11.958840886367643
64 11.740268374206199
65 12.374081283896428
66 12.254893977336906
67 11.658680965638785
68 12.469283567913815
69 11.630167928428737
70 12.337069578799435
71 12.060006406560579
72 11.84442784746009
73 11.850472618231615
74 12.129987562531078
75 12.124372847781617
76 11.985212298474794
77 12.472353150721801
78 11.785697583389219
79 12.296668701184068
80 11.690552700586661
81 12.382977398084739
82 12.049906187942355
83 12.364442058467501
84 11.721696305725008
85 12.132833022364109
86 11.872801783796845
87 12.32804063709365
88 12.047613013844717
89 12.06760261636179
90 12.024744953086744
91 11.783478503244515
92 12.051194664983718
93 11.96498149285298
94 12.019549420291003
95 12.426114429379469
96 12.315276846217147
97 11.76092662179593
98 12.09230504711774
99 12.14082262070776
100 24.080576103326827
101 23.51777889793324
102 24.18601425236725
103 23.593283223192298
104 24.02211107278909
105 23.862058700613527
106 24.323772477159995
107 23.93855908080901
108 23.549043317254085
109 23.752934671933897
110 24.206115949270078
111 24.41945851395137
112 24.108951847167077
113 23.98471289900965
114 24.30412342725866
115 24.341290518435102
116 23.76068099236015
117 24.325978970483128
118 24.489515112415646
119 24.3968480450686
120 23.522197645941915
121 23.531589967985386
122 24.421479868487246
123 23.520105001127554
124 24.48017942749786
125 23.99394661148938
126 24.22026285097503
127 24.391933287456073
128 23.68640924721084
129 24.329093492133005
130 24.100146800459125
131 24.106426160883604
132 23.620686110477465
133 24.218659474124628
134 24.209575771955752
135 24.019547185313055
136 24.182143052046897
137 23.6847159304548
138 23.61489473844488
139 24.344122914632397
140 24.217373687848735
141 24.04886354656617
142 23.673038268201427
143 24.068769397045784
144 23.783931236310714
145 24.096490214606398
146 23.737452231737535
147 24.139336392226078
148 23.745263899264952
149 24.105428823835545
150 23.566131541983882
151 24.28909086771673
152 23.946372332298004
153 24.088774982492687
154 24.177288277446888
155 23.828285552892883
156 23.59850125545606
157 24.06774385182325
158 24.26234335968529
159 24.3813649311458
160 23.570357690528965
161 24.244377673470684
162 24.296103893022615
163 23.523501527433762
164 23.781289466220304
165 24.21873641246581
166 24.43518194018401
167 24.04610573686755
168 23.588560258230213
169 23.793888057121293
170 24.485448057287357
171 23.91527289300131
172 23.83399084890332
173 24.441326193624686
174 24.06348449048931
175 24.2708412091074
176 23.86765472862549
177 24.446589812899276
178 23.509864269440943
179 24.26613786231803
180 23.528705906308282
181 23.68914969257032
182 23.67934578411507
183 23.736527725627738
184 23.958169738217336
185 24.36840563090732
186 24.325697066835765
187 24.01576057759254
188 24.07552081422303
189 24.283120655997973
190 23.963125735215062
191 24.456880402170253
192 24.29883572789031
193 23.76330345807868
194 23.809510099018233
195 24.337115718049894
196 24.205501130517533
197 23.876264002611926
198 23.82124144710417
199 23.66713385276484
200 23.869868102285114
201 24.451517750294833
202 24.004151545536953
203 23.561632358980177
204 24.163878054149766
205 24.06162948150073
206 23.87016604202381
207 23.848790501048974
208 24.494717969261153
209 23.84710342391253
210 23.842387309332103
211 24.188971578656925
212 24.498856059097992
213 23.958817237404574
214 23.951545907154046
215 23.608428065102288
216 23.536236400871903
217 23.52636515534817
218 24.069875916183037
219 24.422256428375594
220 23.69246350879782
221 24.356875247874513
222 24.260745281970514
223 23.892922351966373
224 24.455278163933066
225 24.30733418166257
226 23.95746987037276
227 24.315535972502776
228 23.747392726962964
229 23.815236015456527
230 23.87239962457546
231 24.29854218741764
232 23.643430406686697
233 23.620188806252326
234 23.827146480315253
235 23.61889912793443
236 24.12161432565374
237 24.373953820687618
238 23.940235559251647
239 24.430452961000412
240 24.379549563813747
241 24.342115795414966
242 23.98239340971926
243 24.106279021674396
244 23.58805626821879
245 23.876777315922432
246 24.110104069159167
247 24.216630626390355
248 24.13022603150581
249 23.875090847797804
250 24.080811566876303
251 24.18288619243009
252 24.19668376207442
253 24.49971780124592
254 24.13528900483542
255 24.2917997664046
256 23.877600597941253
257 23.658995043285884
258 23.539671515747838
259 24.39331432212104
260 23.798599579621715
261 23.970950873460634
262 23.919423199443056
263 23.851934912001475
264 24.378552538787872
265 23.82824119064974
266 23.69349409382283
267 24.39820344775814
268 24.0010615604293
269 23.74603865642918
270 24.15593620785947
271 24.21916394833835
272 24.40660296890395
273 23.97390816783915
274 24.35909194974619
275 23.71431186889057
276 23.97489308930584
277 23.97621834404032
278 24.299102639313933
279 23.620779971876566
280 24.084575738940117
281 23.783921351424436
282 24.168732652772558
283 24.08591830118098
284 24.14885980227629
285 23.680806931067742
286 23.62341686248425
287 23.998304771832448
288 24.225057831568837
289 24.283191303846
290 23.985798041182928
291 23.91501104620302
292 24.030086634618293
293 23.86379806775575
294 24.140750281566728
295 24.452810014064763
296 24.142375654022004
297 24.403097863270936
298 24.376328901325163
299 23.961530591253194
300 23.639717175515397
301 24.129583741471837
302 24.01278335899954
303 24.14627032498884
304 23.71385442543616
305 23.858406693075047
306 24.497978709311873
307 23.74031806464962
308 24.17051408565542
309 24.051332843587808
310 24.300518851552216
311 23.95738485644447
312 24.16235651895579
313 24.176564440891113
314 24.074607150763097
315 24.118847592126063
316 24.04381313307534
317 23.596542802307944
318 24.41894827198721
319 23.879028613540275
320 24.382353237140713
