0 12
1 12
2 12
3 12
4 12
5 12
6 12
7 12
8 12
9 12
10 12
11 12
12 12
13 12
14 12
15 12
16 12
17 12
18 12
19 12
20 12
21 12
22 12
23 12
24 12
25 12
26 12
27 12
28 12
29 12
30 12
31 12
32 12
33 12
34 12
35 12
36 12
37 12
38 12
39 12
40 12
41 12
42 12
43 12
44 12
45 12
46 12
47 12
48 12
49 12
50 12
51 12
52 12
53 12
54 12
55 12
56 12
57 12
58 12
59 12
60 12
61 12
62 12
63 12
64 12
65 12
66 12
67 12
68 12
69 12
70 12
71 12
72 12
73 12
74 12
75 12
76 12
77 12
78 12
79 12
80 12
81 12
82 12
83 12
84 12
85 12
86 12
87 12
88 12
89 12
90 12
91 12
92 12
93 12
94 12
95 12
96 12
97 12
98 12
99 12
100 24
101 24
102 24
103 24
104 24
105 24
106 24
107 24
108 24
109 24
110 24
111 24
112 24
113 24
114 24
115 24
116 24
117 24
118 24
119 24
120 24
121 24
122 24
123 24
124 24
125 24
126 24
127 24
128 24
129 24
130 24
131 24
132 24
133 24
134 24
135 24
136 24
137 24
138 24
139 24
140 24
141 24
142 24
143 24
144 24
145 24
146 24
147 24
148 24
149 24
150 24
151 24
152 24
153 24
154 24
155 24
156 24
157 24
158 24
159 24
160 24
161 24
162 24
163 24
164 24
165 24
166 24
167 24
168 24
169 24
170 24
171 24
172 24
173 24
174 24
175 24
176 24
177 24
178 24
179 24
180 24
181 24
182 24
183 24
184 24
185 24
186 24
187 24
188 24
189 24
190 24
191 24
192 24
193 24
194 24
195 24
196 24
197 24
198 24
199 24
200 24
201 24
202 24
203 24
204 24
205 24
206 24
207 24
208 24
209 24
210 24
211 24
212 24
213 24
214 24
215 24
216 24
217 24
218 24
219 24
220 24
221 24
222 24
223 24
224 24
225 24
226 24
227 24
228 24
229 24
230 24
231 24
232 24
233 24
234 24
235 24
236 24
237 24
238 24
239 24
240 24
241 24
242 24
243 24
244 24
245 24
246 24
247 24
248 24
249 24
250 24
251 24
252 24
253 24
254 24
255 24
256 24
257 24
258 24
259 24
260 24
261 24
262 24
263 24
264 24
265 24
266 24
267 24
268 24
269 24
270 24
271 24
272 24
273 24
274 24
275 24
276 24
277 24
278 24
279 24
280 24
281 24
282 24
283 24
284 24
285 24
286 24
287 24
288 24
289 24
290 24
291 24
292 24
293 24
294 24
295 24
296 24
297 24
298 24
299 24
300 24
301 24
302 24
303 24
304 24
305 24
306 24
307 24
308 24
309 24
310 24
311 24
312 24
313 24
314 24
315 24
316 24
317 24
318 24
319 24
320 24
