0 12.092171424128372
1 11.748951896078204
2 12.283043008172127
3 11.592344943422399
4 11.546899845542406
5 12.457717850649669
6 12.162173901119024
7 11.764637655541748
8 12.31808785487112
9 11.780820049102328
10 11.53645304745721
11 12.46555297003482
12 11.769506000803316
13 11.660584476005653
14 11.820246602479235
15 11.933231959364804
16 11.64069261193978
17 11.598259953562161
18 11.766983726950066
19 11.905779005621657
20 11.744386995184811
21 12.09182364161195
22 11.907719776657117
23 12.048103511953405
24 11.895037179622662
25 12.104283605711231
26 12.007782579535165
27 12.328673330460607
28 12.308038783598997
29 12.018691109534764
30 12.071231249395948
31 12.340278973204432
32 11.926766855674122
33 12.163218565063696
34 11.930245737425135
35 12.137952278024251
36 11.786446841396797
37 11.98294093240275
38 12.1399500427025
39 12.047497334207316
40 11.859663968127943
41 11.6305120716893
42 12.334998870645714
43 12.327112060395477
44 12.300633435671124
45 11.582784591428275
46 12.244205373183744
47 11.951608927795238
48 11.78913270525828
49 12.30698741308508
50 11.690230585148438
51 11.609235197140114
52 11.976309829095655
53 12.01872479790365
54 12.446104720058404
55 11.92418025289965
56 12.236530669260164
57 11.535989967216562
58 11.731863472977627
59 11.985382575094814
60 12.349185861842185
61 12.004166082992858
62 12.258410901990121
63 11.622891718475723
64 12.125959379201639
65 12.033999585063945
66 12.131987247239003
67 11.569235887035774
68 11.765454994213902
69 12.288625218032731
70 12.301925209946459
71 12.19702268179909
72 12.4650938662548
73 11.534440087158767
74 12.459678567440855
75 11.739304481851992
76 11.784802794988732
77 12.413271257975346
78 11.695646257105487
79 11.894822402595455
80 11.645837482211007
81 11.729175003764647
82 12.449133432553118
83 11.503263572695365
84 11.98045599699544
85 11.652003902821923
86 12.427581014397408
87 11.926333097545571
88 12.254662626124002
89 11.926272754832313
90 12.336279651609443
91 11.610758972562339
92 11.60282094713106
93 11.77795738597949
94 11.798109134506863
95 12.299481966092339
96 12.193021358013372
97 11.746239278756734
98 12.466207979036827
99 11.551375850430597
100 24.369985272075393
101 23.751307437308476
102 23.879525409137198
103 23.861480152005665
104 24.1553906315685
105 24.02331590333378
106 23.88584516946681
107 24.428544702442938
108 23.53962721574861
109 23.729462705782616
110 24.22016048003045
111 23.718753506162557
112 24.280624099537214
113 24.17168131306427
114 24.2978954222445
115 23.769914934505053
116 23.84024325700438
117 23.744186428536384
118 24.415869682445965
119 24.17611752937972
120 23.52442442717051
121 24.39881122938854
122 24.46813691687382
123 23.66188509347915
124 24.113490048100136
125 24.26825616859616
126 23.73577616179859
127 24.439081000725757
128 24.368280067866717
129 24.40520801841211
130 23.763890780712394
131 24.339916241825378
132 24.280892677958082
133 24.262793378324766
134 24.2185000786138
135 23.6946534718282
136 24.25009009123407
137 23.59031217278029
138 23.948748038620984
139 24.019777929181195
140 24.474412731937683
141 24.086435558736667
142 23.603616835848264
143 24.248998472332513
144 24.102497903958703
145 23.719176721288633
146 24.415748695735953
147 23.51957526597864
148 24.109836842674113
149 24.461692229293853
150 24.370750512610865
151 24.12978389506459
152 24.24700482341291
153 23.77429415604514
154 24.18986395801399
155 23.720754341370355
156 24.05722640919153
157 23.725286074872763
158 24.167673589069643
159 24.49230128531656
160 24.268167184314812
161 24.131969031701598
162 24.019658412952882
163 24.035522359138323
164 23.660743960006975
165 24.041187012030324
166 24.043986280017347
167 24.331924445716936
168 23.69099530307376
169 24.406841187756473
170 24.337182541094883
171 23.944148664861533
172 24.01202949735429
173 23.98235290350681
174 23.51960523744989
175 24.425370037497498
176 23.70058058747241
177 24.3930182465153
178 23.709612982863916
179 24.446156009938655
180 23.930584567413543
181 24.1668446147269
182 23.860203725133278
183 23.85252966861748
184 24.216615743833106
185 23.56932084641245
186 24.173540615688076
187 24.31789093802353
188 23.827442103939678
189 23.822020881000054
190 23.60637808164842
191 23.75311822634308
192 24.401565752838767
193 24.302562240413156
194 23.919729901783242
195 23.674703229257684
196 23.578736855757743
197 24.022455500586567
198 23.880866946685465
199 24.003156187630903
200 24.31690690414281
201 23.999903508355803
202 24.380437283464204
203 24.380836598052234
204 24.043494640694718
205 23.718964258795918
206 23.716250754749097
207 24.339948296991924
208 23.637799387528485
209 24.248388569601317
210 23.525852183192686
211 24.107610155464354
212 23.589066856630208
213 24.20299845481555
214 24.454625239754197
215 23.63892190446015
216 24.0566496043911
217 23.652673622741567
218 23.975575510862207
219 23.800233973628654
220 24.01598070945483
221 24.44625865345296
222 24.453319791839938
223 23.92410900048785
224 24.488616705835362
225 24.32184259196011
226 23.71243258733467
227 24.12367863932466
228 23.831378472425214
229 23.777799906035973
230 24.39225397707491
231 23.60608435913185
232 23.603513837923522
233 23.83410417397317
234 23.94773776668081
235 23.667034076649433
236 23.72992303529847
237 24.08364158325459
238 24.253257250914018
239 23.92913231694012
240 23.969744583627566
241 24.048859692052872
242 23.937441836754136
243 23.91329448248873
244 23.598105839820995
245 24.4091107235801
246 24.471217527379864
247 24.354966681760423
248 24.35187271868808
249 23.810614977083706
250 24.34657897029054
251 24.36171310957654
252 24.03958598274532
253 24.26237375860656
254 23.90271107134312
255 23.729689792165516
256 24.08622132364033
257 24.49926990047577
258 23.949033388559982
259 24.460274454166704
260 24.484421179072633
261 24.067716763320384
262 24.01516514041103
263 24.16579021858947
264 24.40024688490898
265 24.416540136293513
266 24.42591948091541
267 23.888535710354592
268 23.864224321393838
269 24.297659694473232
270 23.65783032945796
271 24.02031961252008
272 24.37292004594235
273 23.51492152143926
274 24.13661619828185
275 24.131680758129068
276 23.935794256043657
277 24.18472672819751
278 23.513185332969105
279 24.146759797250457
280 23.620450924883396
281 24.287023961638376
282 23.989987323593823
283 24.476327807005926
284 23.707081568978897
285 23.82836324584795
286 23.57138288744729
287 23.904985844005314
288 23.699702362343245
289 23.67117286402237
290 23.902102430688917
291 23.90541110174558
292 24.16825116423438
293 24.369518476310205
294 23.676657794905342
295 23.933443205782808
296 24.03766635983473
297 23.929296444635074
298 24.478160952746105
299 23.514179251222593
300 24.35216895081601
301 23.964790505121503
302 23.98538907900882
303 23.88690374642098
304 23.73860913006971
305 24.08377377304874
306 24.077142628536045
307 23.829970751216944
308 23.595829082778447
309 23.9914996952324
310 23.82796220469098
311 24.205406908752792
312 24.493778126452792
313 23.666857690347037
314 24.03369638350495
315 24.032132577774156
316 24.408510912401752
317 24.048718102416075
318 23.719269811648577
319 23.929263864901017
320 24.17247651819578
