0 12.032219250018658
1 11.72362098517294
2 11.643064923439653
3 12.076758034225572
4 12.119930711427775
5 11.518656175426026
6 12.357757099079924
7 12.201657822778746
8 12.262950614046208
9 11.742178407657086
10 11.936979025167156
11 11.75232942190825
12 12.359076362505832
13 11.988334397958173
14 12.423306287368089
15 12.463799820928081
16 12.225779746950325
17 12.138382924157463
18 11.62535091748562
19 12.465408116755869
20 12.226534417659273
21 12.490898720890186
22 12.35849732642751
23 11.95644687226268
24 12.301647952919554
25 11.878353163123885
26 12.160792495630176
27 12.428838580860504
28 11.691299522524737
29 11.626466988818722
30 12.368727830093375
31 12.04487155664482
32 11.848867672970638
33 12.321215939548784
34 11.956925894409233
35 12.42117548886804
36 12.457985453868611
37 12.3973770762806
38 12.136628928707038
39 12.37757171513799
40 11.67723709720768
41 12.164128790106165
42 11.53888703881685
43 12.367532540374484
44 11.710090441059704
45 11.89058540555072
46 12.11006026208114
47 12.422309687718503
48 11.678889379368314
49 12.374798579454627
50 11.886096363097609
51 12.141808869252912
52 12.125385695362674
53 11.711836468383577
54 11.64889037977025
55 11.776812428222508
56 12.329189382610526
57 11.554534769623494
58 11.509250009311774
59 11.885695806952025
60 11.87977648661616
61 11.99259934789572
62 12.221423863300625
63 11.584243868623458
64 11.882404981911092
65 11.986065181475137
66 11.647004096842975
67 11.551836123674116
68 11.688401791172655
69 12.03439245842376
70 11.832654546436665
71 11.767719297016694
72 11.615018928784082
73 11.866035657556123
74 11.609189279673176
75 11.588696317963915
76 11.826739459342729
77 12.323340113468468
78 11.871153935754801
79 11.65151525624832
80 11.747503186689348
81 12.046703497856642
82 12.312166219529258
83 11.754897128516362
84 12.01819785810277
85 12.072732524193409
86 11.615898099184353
87 11.999870984426217
88 11.749297100593175
89 12.216359353403035
90 12.451030462504146
91 11.54488989739288
92 11.748666544650273
93 11.779002197033524
94 11.918686164585173
95 12.239419148356
96 11.5704425085509
97 12.107319071880408
98 12.052487282882932
99 11.609640840333324
100 23.906404078412475
101 24.066705032069066
102 23.759512583868258
103 23.740090411333192
104 24.468602144552307
105 24.39202641346182
106 23.997342114123647
107 23.548766480251704
108 23.84167180499621
109 24.265172204001637
110 24.233597856511835
111 24.136825274113107
112 23.505858063503837
113 24.426494519213616
114 23.823829071557196
115 24.386201044666613
116 23.769599905531184
117 24.323719317541936
118 24.044190340089813
119 24.001275191542398
120 24.08906221348332
121 24.315053230574076
122 24.16428448962744
123 23.50880934269844
124 24.159717739469883
125 23.507283563775946
126 24.095068074114376
127 23.939798153329445
128 24.3861683655604
129 24.21405934608627
130 23.53602855544373
131 23.540976206017802
132 24.35524532198363
133 24.03764001580958
134 24.142318412222288
135 23.870153576253188
136 23.820605806001936
137 23.594643851266937
138 23.57810539806222
139 24.258307752520878
140 24.189782998383485
141 23.511993967255528
142 24.160465681842922
143 23.7246994331168
144 24.004601218178827
145 23.598931322337833
146 24.063808498785445
147 24.352064449639215
148 24.48295516258103
149 23.68893718024132
150 24.124568719020626
151 23.67169071439513
152 23.504128926062606
153 23.700536208698328
154 23.650958044645385
155 24.3907009918259
156 24.344532856434885
157 24.189716072002756
158 23.788457051626505
159 23.91216224893599
160 24.286057504748555
161 23.71492228076474
162 24.248527317761216
163 24.26856745404571
164 23.583171223114384
165 24.262360086869382
166 23.705078576195234
167 23.90932702287399
168 23.966181693230762
169 24.276918396077075
170 24.477917258940938
171 24.245706636841785
172 24.489297639938226
173 24.498417017229183
174 24.427956541139416
175 23.55601108529112
176 23.981065872381993
177 24.382339459713936
178 23.55791162219944
179 23.657819009541175
180 24.01608960113449
181 23.584773124475213
182 23.765284698378952
183 24.097889877879258
184 23.813008817199975
185 23.847474219203587
186 23.62291861711754
187 23.531910933603196
188 23.549922948230765
189 24.26715713510559
190 24.047573904373813
191 24.19011106723922
192 23.5615498028733
193 23.8068032132551
194 24.210888163916355
195 24.130285470442242
196 24.279071748767638
197 23.864423975271304
198 24.378559466692327
199 24.30279051757406
200 24.415428515327264
201 24.43223002135269
202 23.539352257011593
203 23.81314408338562
204 24.334678363441565
205 23.556524149101715
206 23.843147040591415
207 23.58643683809706
208 23.752644620777808
209 23.583097781035047
210 23.98948495246163
211 23.74772257078073
212 23.797253328758238
213 24.478736951676954
214 23.511589536301848
215 24.040613796883203
216 24.45843639160791
217 24.43771589179657
218 23.673213915976824
219 24.24609807124696
220 23.697872144796595
221 23.513307624891798
222 23.587716704425684
223 24.43698110290142
224 24.160848487615258
225 23.620952561137592
226 24.35532350996108
227 24.0009200634965
228 23.592519929846418
229 24.003132628718884
230 24.445533478531143
231 23.711765177438227
232 24.002207634262817
233 24.10965645430195
234 23.885666611448688
235 24.12225347242848
236 23.58273022618222
237 23.973882206643502
238 24.35338626325897
239 24.212351596210514
240 24.373393911022873
241 23.78157699751561
242 24.437783585742245
243 24.4883114672428
244 24.365780726085926
245 24.337767451922602
246 23.87683312525016
247 23.5108231504677
248 23.608465700864762
249 23.92917596998037
250 23.652697723514112
251 23.750965217172276
252 24.122492333233858
253 23.70418009867575
254 24.21743429773434
255 23.918326448816767
256 24.158447360274188
257 23.850208661198284
258 23.580552572042965
259 23.863097909953037
260 24.31111864248398
261 24.494536315228864
262 24.39348961258081
263 24.274065810325204
264 23.672156944882982
265 24.33391194233009
266 24.13346341837054
267 24.23055416208262
268 24.034411853326787
269 23.826072531316424
270 23.61930676364443
271 24.069719008404697
272 23.874681927799788
273 23.964620425744588
274 24.272412548799668
275 24.4219692247648
276 24.43872114142685
277 24.279962706770238
278 23.871044382748725
279 23.960750909315017
280 24.26202113332283
281 23.595395866565056
282 24.31653611928983
283 23.624550492884794
284 23.50145243719011
285 24.061237063110333
286 24.360204550241072
287 24.293517002501247
288 24.397100883436668
289 23.53330739018705
290 23.79414337771971
291 23.543245110299427
292 23.746844968834864
293 24.307777259121597
294 23.539341687364804
295 23.723998452881126
296 23.72649857376988
297 23.856354511486266
298 23.609453718852034
299 23.7729726070623
300 24.47764719204548
301 23.882040371925257
302 24.096974588235824
303 23.804335859443587
304 23.653262226688387
305 23.653254603336567
306 23.870350136635746
307 24.29255998807443
308 23.966429271425987
309 24.236513133936928
310 23.6409924378881
311 23.788992354795017
312 24.488757911115012
313 23.5951859049665
314 23.908244102716107
315 23.849853329217336
316 24.240037102429
317 24.13171786295862
318 24.40569617373711
319 24.369512545715157
320 24.282560268199965
