0 19.65352552092359
1 20.373741711273915
2 19.54712805067689
3 20.483063964140737
4 20.2156273877102
5 19.89499474613792
6 19.61576891483707
7 20.486391726599496
8 19.50460665447705
9 19.958457998053508
10 20.346114107226583
11 19.541080384461814
12 20.12799385188507
13 19.928678161505694
14 19.824451038120536
15 20.101975486113844
16 20.041866998824567
17 20.37932022362805
18 19.848795414156765
19 20.341940051365455
20 19.765961716011038
21 20.31170774761624
22 19.87700836050153
23 19.99915697024503
24 19.552358995206824
25 19.728421249301753
26 19.885154090442022
27 19.563679151143802
28 20.089492945517364
29 20.28187728409395
30 20.022126119135322
31 19.77616327504955
32 19.996765540458526
33 19.91025220036847
34 20.23814696173801
35 19.783193447624146
36 19.8001399046325
37 20.201651320647134
38 19.858657428587673
39 19.67912656514409
40 20.027069717369404
41 20.23454296226351
42 19.833882062009163
43 19.97115770121846
44 19.76594005087244
45 19.576915631920677
46 20.171922340498533
47 19.84258487741532
48 20.367855081497403
49 20.403671098858272
50 19.553730049618306
51 19.53082671368843
52 20.352421183279798
53 19.59369091589109
54 19.51948812513142
55 20.01889482654947
56 19.918444658327182
57 19.513725895640466
58 19.68686888659039
59 20.123137747964073
60 19.504928704233016
61 20.296734430477905
62 19.853064758253453
63 20.374044003365945
64 20.41069056527087
65 19.842430601810925
66 19.694628330520214
67 20.368534039220602
68 19.74873591429625
69 20.486600650236316
70 20.005690352270292
71 20.166065593747266
72 19.579330311719023
73 19.995658745529923
74 19.781958851427675
75 20.106513511084454
76 20.46307928787048
77 20.24177680225487
78 20.072918836364067
79 20.33653173444002
80 19.979830581325555
81 20.29376063850842
82 19.619635272796604
83 20.021032756589058
84 20.48371724587316
85 19.90885924074656
86 19.77487743329805
87 19.646151002992564
88 19.572472467059303
89 20.086563442877917
90 20.378950214070848
91 19.692174744048927
92 20.135764299806233
93 19.834625709107442
94 20.4878107287117
95 19.514728109941792
96 19.58314462527928
97 19.936142810853024
98 19.617071323583
99 19.934877114013297
100 19.92861979669807
101 20.299656970263367
102 20.458324495677573
103 19.751477324976005
104 19.736864236392154
105 19.56702884699635
106 20.345550461682304
107 20.448315084778354
108 19.78001998906769
109 20.142089351300207
110 20.018693022816137
111 20.173814701205966
112 19.914672691539284
113 19.8697866240837
114 20.274989698114474
115 19.77634294127429
116 20.47577654523371
117 19.90083166360477
118 19.98761661830206
119 19.807070939703216
120 20.046091997924105
121 20.367519645777506
122 20.06811623295032
123 19.894781317662535
124 20.437677484611637
125 19.677757669960183
126 19.67599459318209
127 20.361143791155516
128 20.049498007013298
129 19.821097256915756
130 20.233947917030882
131 20.424673790566253
132 20.15931543684283
133 19.50682194032951
134 19.682369147631913
135 20.408808217131284
136 20.10809179931594
137 19.738360814020204
138 19.874270560600056
139 19.86448832311659
140 20.23307175453127
141 19.557614639738578
142 19.587246607364055
143 20.40437306258527
144 19.932739816522528
145 19.9894170340932
146 20.398081476936948
147 20.444908517104864
148 19.94258608815241
149 19.801795352342374
150 20.363150606786917
151 19.81325151677075
152 20.191764724187863
153 20.054159066280892
154 19.610797794181924
155 19.558466393895486
156 20.316369567699915
157 19.91767455083427
158 20.29411406960112
159 20.314659205362368
160 5.063912221734338
161 5.046994754464519
162 5.297379301030273
163 4.585156378036623
164 4.551331938569078
165 4.800421042914817
166 5.234852295964615
167 5.390000785069323
168 4.7429841498033065
169 5.079280327656715
170 5.119466073548573
171 4.711319857583524
172 5.093107529010937
173 4.820234393313071
174 4.550813369867537
175 5.19551789054461
176 4.726462207345266
177 4.500790839849021
178 4.5461012715275775
179 5.0396669544107695
180 5.359448025727737
181 5.28086805743663
182 5.386443211701993
183 4.8479165671116204
184 5.120234186411607
185 4.761314548471904
186 5.288667840717144
187 5.173022996062584
188 5.414274315724027
189 4.956730242355472
190 4.673910036864484
191 5.482840014342327
192 5.427543774486912
193 4.737303171736908
194 5.343566042019811
195 5.031534500927253
196 5.382491109225531
197 4.657603392578278
198 5.447885296370781
199 5.221725226386315
200 5.24674821164818
201 5.307632991757705
202 5.184630461408923
203 5.297543065651327
204 4.500489501036653
205 4.877275674052353
206 4.8657939212507415
207 4.621677213818714
208 4.734161735083893
209 5.383048879933825
210 5.363762164116402
211 4.9864305260904125
212 5.102698596302339
213 5.163288560942212
214 4.902658396862156
215 4.571652550548387
216 5.428447662192771
217 4.63036379696534
218 4.572936141274713
219 4.924681554543823
220 4.739114710546018
221 4.921311758009969
222 4.698853777379825
223 5.303634967133915
224 4.830833810926943
225 4.831134526093017
226 5.001406207763844
227 4.769539303705362
228 5.496767301713784
229 5.141626878267094
230 5.005825158498139
231 5.1579682318394635
232 4.7481449202909465
233 5.021379811758727
234 5.296104824077242
235 5.417239559494129
236 4.947147509944697
237 4.641516237176592
238 5.197118366884648
239 4.5772070756766965
240 4.5734730151370115
241 4.659318128927948
242 5.402015825845665
243 5.105364706143089
244 4.758337965074807
245 4.966162580620045
246 4.851163070022415
247 4.813582674237822
248 5.498879198529234
249 5.008715012975404
250 5.424817028815839
251 4.522438529231318
252 4.504029248261277
253 4.574037395507582
254 5.150019126071183
255 5.0440412622787925
256 4.9561221164291105
257 4.9601927610393695
258 5.094333326913611
259 5.482919349580227
260 5.278544773618297
261 5.4355419994272625
262 4.6151308481987705
263 5.053994428073898
264 4.852017823319886
265 5.429199430883301
266 5.3860360611108264
267 4.542758785279644
268 4.722051821496358
269 5.0670447954099425
270 5.025462950040077
271 4.835933946036408
272 4.859692083680643
273 5.107947336687255
274 5.118301345854934
275 5.375177143572019
276 4.938854916269797
277 4.855270639751456
278 5.465304118224567
279 4.848564615757353
280 5.245364703916877
281 5.3985043803255515
282 5.119972810114119
283 5.018963648761838
284 4.906201617464901
285 5.247406364697779
286 5.395203861230914
287 4.61814613991408
288 5.028482143635424
289 4.95714415316218
290 5.265249205689108
291 4.668824998469889
292 4.659588722552689
293 5.258750840921099
294 5.454870173044285
295 5.1579399105859105
296 4.865531636096278
297 5.077820275391263
298 4.777723672000124
299 4.929489634450326
300 4.686693704034769
301 5.072647617704463
302 5.037498061377803
303 5.476012149245573
304 4.547883975216765
305 4.638320744950791
306 5.157361401037478
307 4.8441730430303345
308 5.2775570871686615
309 4.933805203821417
310 4.615515353287606
311 4.509819889763127
312 4.990851439922514
313 4.8339755074063495
314 4.511836461080543
315 4.655715528742178
316 5.078092353743462
317 4.699811602851815
318 4.643357201482327
319 5.346824878205746
320 5.142734883236746
