0 20.455635388437784
1 19.584472165759315
2 19.57059195519359
3 20.19778919785082
4 19.906658173821725
5 19.575077826131615
6 19.808272534143693
7 19.62559986065425
8 20.220011866383043
9 20.372615548023337
10 20.211308912121385
11 19.948888441189652
12 19.706694830756188
13 19.515522307958815
14 20.249174443696614
15 20.437818249597033
16 19.627378345011973
17 20.1060647680129
18 20.012619949258813
19 19.713131532947205
20 19.504824705541104
21 19.93919524882569
22 19.567248731259205
23 19.515173012213147
24 20.02836425785081
25 19.829175895047662
26 19.967876341490108
27 20.145514051581827
28 19.54316962791855
29 20.446356819112395
30 20.11284606353665
31 20.14478807714377
32 19.604254844512965
33 19.61465065230157
34 20.14922520431097
35 20.180211474763023
36 20.15118244385209
37 19.61039011085228
38 19.845056597425014
39 19.546503762632703
40 19.790340638479663
41 20.32779358994105
42 19.9591490437087
43 19.56548348297034
44 20.222672476073054
45 20.352085197062035
46 20.303247573945384
47 19.68708691052443
48 19.750815966866032
49 20.2702563092894
50 19.941340813275843
51 20.289989666529777
52 19.732367674219034
53 19.690644349399857
54 19.859619459027684
55 20.172171540113403
56 19.991552404169585
57 19.556164749438395
58 20.45679698192199
59 20.417238673106233
60 20.383880783198475
61 19.82031694397788
62 19.79562016723329
63 19.585588067523343
64 20.19901480984184
65 19.574197072145186
66 20.00679287065106
67 20.02258127460701
68 20.11937691274501
69 19.960874557325695
70 20.245731915973852
71 20.22670360598892
72 19.500670382915942
73 20.33753322741009
74 20.299710932607947
75 19.79766198303014
76 20.43505879322462
77 19.7524214255388
78 19.781726112284673
79 20.377177619046943
80 19.9616421481975
81 19.657871823930993
82 20.421866451503792
83 19.6006569093934
84 19.79367012995069
85 20.299169244267933
86 19.74313124528441
87 20.345295603319745
88 19.964153621061396
89 19.59966993620698
90 20.37336187432
91 19.52664712281166
92 19.67522070890434
93 19.741049277660725
94 20.164263762591535
95 20.18613451363225
96 19.694363862020115
97 19.56122846495918
98 20.344362488284403
99 19.799697571794994
100 19.52003771417173
101 20.26936344243176
102 20.338785109158035
103 20.468915431479672
104 20.104386545039766
105 19.530031823570713
106 19.69194379761153
107 19.693171426045105
108 19.890940672498836
109 20.308897855594196
110 20.46185344079923
111 19.70579894115716
112 20.083727358977324
113 19.737777355843505
114 20.47785296057176
115 19.619900862300604
116 19.83598213224055
117 20.275771497578813
118 19.985967502029442
119 19.6570036771216
120 20.44956792622993
121 19.56564797736534
122 19.750352759690877
123 19.758902738204185
124 20.145211409088354
125 20.492381428590466
126 20.387468599868466
127 20.412423489244
128 20.202812201107832
129 19.62622653451207
130 20.08796124275414
131 20.42410745011508
132 19.651145355450044
133 19.793214407867907
134 20.45122725730612
135 20.111533227299326
136 19.762770552910705
137 20.00024622946804
138 19.6810421333922
139 20.316444862472817
140 19.91686181020888
141 19.756974357498606
142 19.818042557921974
143 20.451621774118603
144 19.822443244488515
145 19.773720584206163
146 19.95111778533081
147 20.377358120988255
148 19.85979215053977
149 19.792458247025362
150 19.599160777319323
151 20.366640528180245
152 19.859790378390166
153 20.14500685347744
154 20.099216110860603
155 20.407407287612536
156 20.461128275457195
157 19.54592837753404
158 19.570054585254624
159 20.112774973026088
160 5.221810834002372
161 5.3427249909801
162 5.4159791354502
163 5.239736523319463
164 4.880352098525482
165 5.0386734627965035
166 5.208398925209887
167 5.063769516917486
168 4.979593331335315
169 4.679183475430074
170 5.04571559887335
171 5.3920436169557355
172 5.256946102399003
173 4.709020967187441
174 4.712256044473068
175 4.709838760094714
176 4.754987859369486
177 5.08220293259439
178 5.329900927382955
179 5.209204384680733
180 4.834286834124336
181 5.207508600500592
182 4.728887019085394
183 5.203784723329195
184 4.89564506918005
185 4.9634730027311615
186 5.24243207924022
187 5.420441084654646
188 4.7852412168362735
189 4.698533561706527
190 5.191646022117793
191 5.439728214435668
192 4.734336473316748
193 4.809485332948015
194 4.5267370763332995
195 5.414279846003393
196 5.351820636394393
197 5.449608424898016
198 5.223696852403019
199 4.95019898801578
200 5.362428557308589
201 4.540252210276628
202 4.523870544061465
203 5.243029040569398
204 5.387504291735588
205 4.810070685926469
206 5.3286215220158075
207 4.827780708430616
208 5.33848090656771
209 4.81018329400129
210 5.0770845308565375
211 4.640222219309554
212 4.699259893422625
213 4.683310596829003
214 4.751033869960704
215 4.6220830419096774
216 5.229107099008835
217 5.2853805036752854
218 4.725885446249188
219 4.986684403397174
220 5.494586711506811
221 4.791236324153118
222 4.770164630044492
223 5.212243029291895
224 5.1328803358247175
225 5.287944994785003
226 5.002110171175854
227 4.561570447863063
228 5.120504680365262
229 5.303036940614256
230 5.301712159121366
231 4.722962775637541
232 5.4359436859070405
233 4.781549502056769
234 5.110940959596842
235 4.7994106362029685
236 4.834009755425765
237 4.6151526135741054
238 5.14051068577669
239 4.777795437894689
240 5.366481283529194
241 4.768331115541657
242 5.333327833530935
243 4.917110780255505
244 4.535917941803326
245 5.206350094898471
246 5.324839773946272
247 4.846232461657008
248 5.053199084676749
249 5.326296731778276
250 5.39938568417791
251 5.35002197628199
252 4.5427015687243655
253 4.83818006002802
254 4.868709551654504
255 5.357960732612061
256 4.967004053604564
257 4.8490785512058565
258 5.265503016885191
259 4.799985966444597
260 5.39826295998261
261 5.330145403656298
262 4.597819794637977
263 4.962873907017603
264 5.370380057385919
265 5.2395359546974305
266 5.136423931394823
267 5.223789732234337
268 4.981070953345594
269 5.010710099493947
270 5.087051076492417
271 4.8169163101988595
272 5.321698578947411
273 4.77454355914055
274 4.990851988402237
275 4.742694332439613
276 4.844378470779754
277 5.007089337856946
278 5.278437202135725
279 4.902549573052449
280 5.307422965131869
281 4.566054565273928
282 5.108109143226667
283 5.396532485382711
284 4.6737123660952795
285 4.980882073915115
286 4.600103384609963
287 4.672048119308387
288 5.187708019757045
289 5.282309777358343
290 4.586864616652632
291 5.3943321054701725
292 4.775740739356399
293 5.08315862719934
294 5.210178511416726
295 4.806201781720759
296 5.400352092679557
297 4.98369274795543
298 5.353462792944107
299 5.377624109219158
300 5.215164083179874
301 5.434363382293919
302 4.630024858828736
303 4.928070997509175
304 4.789722764653138
305 5.246062032275585
306 4.785575464067404
307 4.851859526487795
308 4.641651539201397
309 5.140006647386813
310 4.963345544218638
311 4.549792552153521
312 5.3127407222085425
313 4.626827581558265
314 5.121852780705127
315 4.852149396064524
316 5.208373728097274
317 4.557286852116623
318 4.869789994978203
319 5.365372050153395
320 4.791553097609415
