0 20.378930435445337
1 19.678494324536047
2 20.270211444578006
3 20.08868294361083
4 19.93930537983993
5 20.48345122780404
6 19.605320123210593
7 20.216553337836896
8 19.741529583303308
9 20.335206105327046
10 20.120823712681837
11 19.729723260444572
12 19.8047686189455
13 20.471814419082396
14 20.07207959194327
15 19.722348366600947
16 19.807459520193255
17 20.12832361079351
18 19.664396459894196
19 20.031764643813148
20 20.219265326501237
21 20.32189479569132
22 20.466916474607775
23 20.147028952670883
24 19.908239592236466
25 19.68948005269329
26 19.761504536693476
27 20.19054894882722
28 19.61851043759263
29 19.80510728709487
30 19.578485652292553
31 19.790638036202346
32 19.782178001344683
33 19.939513218998982
34 20.405260670156395
35 20.49142290267509
36 20.305002728358733
37 20.369098636504525
38 20.181676262011646
39 19.69790680322838
40 20.251007786091844
41 19.75715131847806
42 19.868870073911484
43 19.519693804879097
44 19.540358813857797
45 19.934035935799375
46 20.05952188230208
47 19.501431670806785
48 20.126629782448177
49 20.03165420346983
50 19.78466584740057
51 19.768591838137404
52 20.468089623267133
53 19.824223535764776
54 19.71227056055709
55 19.56350579953368
56 20.493130178089686
57 20.392806857625374
58 19.809869036461436
59 19.618083311696832
60 20.44059711702357
61 20.095355458499597
62 19.659105247961886
63 19.811413689816096
64 19.86553922712394
65 20.35757419987847
66 19.89318500029037
67 20.10907718907654
68 19.971610970097117
69 20.352716662981663
70 20.418184745380177
71 19.642932413235723
72 20.475407518498216
73 20.426621875309998
74 20.05383985741812
75 20.13894087498555
76 19.851034562661052
77 19.542227826999778
78 19.834965474823314
79 19.7539261719399
80 20.361946479636497
81 20.194189634814638
82 19.557406260540677
83 19.568882305677246
84 20.17031133841564
85 19.8428644209299
86 20.114036795143072
87 20.309481470994395
88 19.77982396497259
89 19.808735135198972
90 20.226206986386234
91 19.595293238580656
92 20.283265490677813
93 19.947100608733763
94 20.482591463589472
95 20.440501371520078
96 19.66603236786329
97 20.20232289551713
98 19.96810288049918
99 20.19424520522833
100 19.566905862749664
101 19.72683134571743
102 19.58205538591189
103 19.90276270019646
104 20.378833217152813
105 20.327458243934156
106 19.80257817315012
107 19.983992892021963
108 20.110953664938968
109 20.27633845451066
110 19.61317074499983
111 19.764675984700602
112 20.37703941478702
113 19.545776834363707
114 20.39443395028312
115 20.014317621366654
116 19.51404495466113
117 19.652784022116712
118 20.46831766204728
119 20.348636675518467
120 20.471889568529935
121 20.17405200383603
122 19.62926119261167
123 20.46305404943867
124 19.63270033899491
125 19.766698086577666
126 19.946928347156284
127 20.333514004612788
128 19.85457562816643
129 19.94682194517632
130 19.67455662187617
131 20.060889463052604
132 19.708537231594462
133 19.962202108412512
134 19.829235325981664
135 19.69547005762149
136 19.636059203862573
137 19.65874022948553
138 19.709403859181588
139 19.97724108935493
140 19.560347853059746
141 19.7013090377766
142 20.43002428137756
143 19.9096540735746
144 19.61771704013184
145 20.140601703491576
146 19.638470885640565
147 20.067745857750808
148 19.686956801932187
149 20.306224076046625
150 19.705301056375326
151 20.011162774204838
152 19.526947579456746
153 19.787588605693372
154 19.64237580037312
155 19.974319765416013
156 20.323634992598368
157 19.87606176416978
158 20.25942590824899
159 19.81764303578259
160 5.181417616947414
161 4.964976648520652
162 5.469659591995036
163 5.04000156238635
164 5.403896848183077
165 5.101693067062882
166 5.3349808035262045
167 5.0945088088407635
168 5.392170213823682
169 5.429747927773255
170 5.482018922161354
171 4.509825416446201
172 5.447616017441404
173 5.096932409407475
174 5.295210958892374
175 4.912798694327396
176 4.7556310828280095
177 4.87909173395451
178 4.822398754562228
179 4.811152223698031
180 5.403705155927288
181 5.0813456610803165
182 5.007123791928615
183 4.921939141302153
184 5.478196078992367
185 5.365517799935291
186 4.821990342258138
187 4.976110195821798
188 4.748406967490717
189 5.192741936285531
190 4.866185005632413
191 5.191131712651872
192 4.584873819366333
193 5.119938355291436
194 5.290059765645706
195 4.578473323204462
196 4.704872862885069
197 5.199326781863981
198 4.811280649019873
199 5.275383771154148
200 5.378670198482532
201 5.115576642873782
202 4.70915081707502
203 5.203057141765676
204 4.835886845620648
205 5.422509002634919
206 5.378945918502977
207 4.64328989922574
208 4.657234518644611
209 5.490617382212839
210 4.711411350332457
211 4.8503043947308475
212 4.957161775129401
213 5.177064729933463
214 5.114447852731559
215 4.877371935659521
216 5.433923006165236
217 4.799063692134414
218 5.226659435051143
219 4.51804984343474
220 5.1884222924741685
221 4.969743169557132
222 4.643799078763713
223 4.79840058765634
224 5.435211263854149
225 5.040249907826411
226 5.31174492404422
227 4.663399685384085
228 4.947120928590861
229 4.938147148767054
230 5.004549905363474
231 4.740270757033034
232 5.360329871603616
233 4.911675261263483
234 5.267314249871465
235 4.547936466481105
236 4.561630297668839
237 4.517251963159081
238 4.617125609587188
239 5.049235523444306
240 5.4531103552837195
241 4.994429865587942
242 5.314781772339937
243 4.763826760941811
244 5.133167599666233
245 4.607279150975503
246 5.4700750927934445
247 4.505919605236665
248 5.039642686697967
249 4.922148669430114
250 4.896944393402972
251 5.326927476190031
252 5.023079299165399
253 4.80595112609139
254 5.0420366208948595
255 4.741709803020518
256 5.413429911736135
257 4.66452327724811
258 4.707293755194433
259 5.053866813709791
260 5.357397250533422
261 4.827509677744864
262 5.2916084614184875
263 4.585328650183897
264 4.975092141892913
265 4.667074684181857
266 4.714376757065841
267 5.320123009587292
268 5.010238764543467
269 5.290845399257234
270 5.465245065802973
271 5.2784825501370545
272 4.595107447994941
273 5.247569113021765
274 5.002255640477157
275 4.957978382675738
276 4.918054270058959
277 5.191727734146898
278 5.243178796783898
279 4.730271537818155
280 4.898990036628052
281 4.988777432701808
282 4.948206044974249
283 5.462220484004645
284 4.606616482421148
285 5.042099461263774
286 5.26887782174399
287 5.348055586560617
288 5.473268326982953
289 5.337139058897817
290 4.991974154449413
291 4.709836111400138
292 5.472214564431433
293 4.625035403397067
294 4.663913498738086
295 4.933251866042725
296 4.730000485014507
297 5.268941092998547
298 5.131186764966706
299 5.215620610858657
300 4.645687816800118
301 4.672858509075868
302 5.090937671539085
303 5.22601927858671
304 4.9771815633583945
305 4.952980887758277
306 4.986954244212999
307 4.658492296279947
308 5.198024008871105
309 5.227272722812266
310 4.842332889272588
311 4.790746070595528
312 4.7145807489203495
313 4.5942150831084545
314 4.998678122208168
315 5.168956960796047
316 4.724347976197859
317 4.740251475789628
318 5.44915285648757
319 4.860206221396763
320 4.9035688721077735
