0 20.15712058953815
1 19.50961004703834
2 19.5960839659838
3 20.27745341439578
4 19.909479817170954
5 19.761952643140553
6 19.575167158763424
7 19.530987872145825
8 19.574457659178762
9 19.51153655491356
10 19.505405890734206
11 20.087196414456407
12 20.01281855987505
13 20.483684336999236
14 20.127580740803086
15 20.02307333495422
16 19.550843114373556
17 20.44692521070798
18 19.564004097634992
19 20.1421303453237
20 19.600445454368426
21 20.085516903827983
22 20.115620966705016
23 19.699547789212065
24 20.385743591447852
25 20.35855671325429
26 20.403095947668128
27 19.99092763361361
28 20.490108977983358
29 19.85251416500725
30 19.99565995029073
31 19.63652447979691
32 20.136572568023503
33 19.64046234300037
34 20.292302964000747
35 19.797597815244036
36 19.927662165777694
37 19.73978285229681
38 19.81593550997983
39 19.635386708544488
40 19.890785735784714
41 20.437008247951873
42 19.658324886182175
43 19.681854765694364
44 20.06927490109702
45 19.825483633875415
46 19.828843314913225
47 20.21250110436398
48 20.217237707488824
49 19.71520803514003
50 20.053030609279748
51 20.46070299518841
52 19.801158533495943
53 19.794087034053057
54 20.253352826090037
55 20.21310332020557
56 19.60429878916628
57 20.339257852754987
58 20.181796744402117
59 20.45696148957318
60 19.606841552667838
61 19.819631875567335
62 20.383124664963898
63 20.0400727322526
64 20.1676118125156
65 19.648638037461026
66 20.21614379821339
67 20.17068091361325
68 19.85431182154663
69 19.649004392460736
70 19.951051458526543
71 20.41194675287577
72 20.370706705678007
73 20.227635902398255
74 19.7365493150625
75 19.782393154659886
76 20.491669896937598
77 19.929001511798145
78 20.093281447056395
79 20.073585938972343
80 20.180126359479193
81 20.24903796377453
82 20.17712142816637
83 19.919318044130176
84 20.15635141613239
85 20.219736904514207
86 19.816434197640255
87 20.17052316007565
88 20.15300002166668
89 19.851748917281217
90 19.61234259516402
91 20.114310530325053
92 19.88582276556417
93 19.9545975784005
94 20.44221835008914
95 20.327580600357425
96 19.500482026614463
97 19.97569992662088
98 19.692702750215098
99 19.579095155533874
100 19.69029914579904
101 20.329701544571535
102 20.471409801301373
103 19.630657834880942
104 20.463645650732527
105 20.468612802405996
106 19.59863913039912
107 19.818074340781205
108 19.66294904745167
109 19.574085781986227
110 19.709437970600572
111 20.374489209511605
112 19.750404576675976
113 20.062419902837085
114 20.267949511620195
115 20.339311900684784
116 19.865998730912256
117 19.629912701217258
118 19.713624904789594
119 20.421411871456428
120 20.07370138645068
121 20.07423946398469
122 19.687748932826565
123 19.65214138240423
124 19.580285934106403
125 19.92996685680797
126 20.260609520479665
127 19.550568845069236
128 20.09918965381735
129 20.2598946757066
130 19.626936980310813
131 19.954232254206342
132 20.47059089723837
133 19.951947129084907
134 19.607924067395032
135 19.94638310110976
136 20.354533238596733
137 20.17749583690633
138 20.36329680448356
139 19.77499051668924
140 20.32007546280699
141 19.815299809118283
142 20.41848971503515
143 20.425952170666605
144 19.534023094675636
145 20.26513657648188
146 19.531817890282163
147 20.161361246622896
148 19.547929538514833
149 20.309768146244263
150 19.806607795536614
151 20.471706125781488
152 20.45626298454352
153 19.947103346084408
154 19.594779955252786
155 20.329064312173816
156 19.642183608846267
157 20.023045635495503
158 20.311275303425223
159 19.948386588325384
160 4.794444700233319
161 5.439435386407223
162 5.159847805238501
163 5.084768607186268
164 4.720828239772384
165 5.4297019045617265
166 4.769541415226049
167 4.615695628876367
168 5.4028635705236825
169 4.541008803096081
170 4.784717684958676
171 5.1494624527688035
172 4.594147063463929
173 5.149114923021118
174 5.282111467086977
175 5.310485093163245
176 4.92187840140708
177 4.762728132829073
178 5.2684833424150055
179 5.0867615183967265
180 5.412710595283954
181 5.254277376870442
182 4.781286769331007
183 5.195647276953952
184 4.75900527238474
185 4.765866987029846
186 4.521854602162098
187 5.079261184675374
188 4.698771556668833
189 4.691353911822335
190 4.646607756410559
191 5.359066457017158
192 4.79080390133132
193 4.790539691859531
194 5.462191400014029
195 5.18989882183289
196 5.413663250604536
197 5.301528812441622
198 5.346708019934701
199 5.0314042747588
200 5.450170029873444
201 5.106473317013856
202 5.475611342972049
203 5.287548412605252
204 5.123577980929891
205 4.61597943200556
206 4.948367887656607
207 4.7599884054023125
208 5.328757488989174
209 4.655854035898299
210 4.580827627000499
211 4.8886224240573
212 5.293388766673247
213 5.164600079173586
214 5.4072850832606365
215 4.928919165345475
216 4.780089410970144
217 5.0571940451483846
218 5.341760795009995
219 5.03488167331557
220 4.740330579930445
221 4.5634474237674345
222 4.895240703554519
223 5.107545195077664
224 5.397827141622028
225 4.693911845562062
226 4.898362286277139
227 5.427738071910125
228 5.104379446963511
229 4.528291236678634
230 4.737242568203317
231 4.896008292138094
232 4.6103212847941775
233 4.67395038731941
234 5.012617557147819
235 5.32655870559275
236 5.41263659509835
237 4.8391795798633
238 5.307089250692116
239 4.683068701033756
240 4.85230534851135
241 4.543180048296996
242 5.21360618965323
243 4.7686896112006005
244 4.808126695769181
245 4.657304214138979
246 5.263253261968422
247 5.377458381847449
248 5.281773786898992
249 5.452473500963339
250 5.293819093271951
251 4.898878067146904
252 5.480699064526923
253 5.430442907817312
254 4.962034861715808
255 4.813408473568235
256 5.479398436961241
257 4.910843370262616
258 5.4536159685645496
259 4.8085070997628225
260 5.141465583782413
261 5.013759986586731
262 5.291035879906674
263 5.318593131502855
264 4.50035801932752
265 4.887355750124929
266 5.156633806112091
267 5.203274195213483
268 5.268847359535657
269 4.663888694051646
270 4.812029889939241
271 4.868833655421397
272 5.1644264227698935
273 5.179028104618174
274 5.403553072731961
275 4.524152248955319
276 4.930957369156277
277 4.5874574450456205
278 5.487677056753152
279 5.10256445308562
280 5.285183109309539
281 5.029274782632779
282 5.409884189977419
283 5.303677906191867
284 5.040197610242183
285 5.035991750658751
286 5.144507796128298
287 4.533768010183023
288 4.913461356530332
289 5.429998192264136
290 4.869536183711277
291 5.005850643400339
292 4.9345519797897035
293 4.56696934452354
294 5.462966870858133
295 5.391114535765416
296 5.452067098394516
297 5.154674229865581
298 4.726626470720335
299 5.268777716488741
300 4.524846052678195
301 4.902759092401241
302 4.953251844887673
303 5.426036594403106
304 4.739587688015645
305 5.470405680326171
306 4.852388107273097
307 4.536966557150539
308 4.8078214396066254
309 4.761129916696806
310 4.929268318099528
311 4.761076398058172
312 4.623429942011124
313 4.652188241183984
314 5.155862419162487
315 4.606204066319171
316 4.542477098269112
317 5.112757665803378
318 4.6954941832897505
319 4.791790665580807
320 5.260435558384859
