0 6.361980891479026
1 6.489497063162689
2 6.0839968403172415
3 5.5420796782232875
4 6.3147962265240585
5 5.98497016595016
6 5.531244220176907
7 6.451783343418182
8 5.819686250792375
9 5.907593871124536
10 6.21675464004735
11 6.454765416361048
12 6.420390925954636
13 5.893861815496703
14 5.6177431187634195
15 6.424949672048649
16 5.549298676688245
17 6.4832737327025045
18 6.059737794252131
19 6.136239908864168
20 5.723689204042141
21 5.856626490865241
22 6.373547472904982
23 5.694526540658179
24 6.276147282016115
25 6.111764861590003
26 6.351918567251236
27 5.978842086133202
28 5.631842874024976
29 6.11995087290809
30 6.002581216667727
31 5.8543117982230095
32 5.693918414686751
33 6.393661010077537
34 6.021950740794609
35 5.778089360429561
36 6.417668098384582
37 6.386656211234662
38 6.311400021340108
39 6.249965460549789
40 6.2088210174826015
41 5.844685734914855
42 5.708058119756014
43 6.205151750013345
44 6.423609627801138
45 5.56715889042578
46 5.671292395780052
47 6.150136746977858
48 5.878171004093438
49 5.708529733313648
50 5.794621035003166
51 5.834445272362087
52 5.800059721806101
53 5.530753125645663
54 6.322106565732403
55 5.97015122927801
56 6.024476993119134
57 5.631024209807462
58 5.692231355528642
59 6.130804150612974
60 6.365005661366439
61 5.557192512679142
62 5.939179832522392
63 5.831847068346238
64 6.078329882663851
65 6.357030887444367
66 5.538372182420885
67 5.705415040394525
68 6.3882092678346805
69 6.322168515591813
70 5.535963622928122
71 6.444271218954348
72 5.6500374407927705
73 6.33996323985115
74 5.899150583567751
75 6.438112913868757
76 6.070402871590903
77 5.92872304561322
78 6.483514440682354
79 6.253582274071684
80 5.686737293800415
81 5.662886367788901
82 6.0245445149962915
83 5.590527584057512
84 5.612120723974804
85 6.097175550563977
86 5.513629388579546
87 5.6168571419894935
88 6.095760898901807
89 6.2447880455817675
90 6.1980693310367805
91 6.060553973496596
92 6.257147176092262
93 6.353143085021415
94 6.177141697434335
95 5.704122105897702
96 6.492609143992559
97 5.712562335440577
98 5.856036595544788
99 5.8322632559532614
100 0.0
101 0.0
102 0.0
103 0.0
104 0.0
105 0.0
106 0.0
107 0.0
108 0.0
109 0.0
110 0.0
111 0.0
112 0.0
113 0.0
114 0.0
115 0.0
116 0.0
117 0.0
118 0.0
119 0.0
120 0.0
121 0.0
122 0.0
123 0.0
124 0.0
125 0.0
126 0.0
127 0.0
128 0.0
129 0.0
130 0.0
131 0.0
132 0.0
133 0.0
134 0.0
135 0.0
136 0.0
137 0.0
138 0.0
139 0.0
140 0.0
141 0.0
142 0.0
143 0.0
144 0.0
145 0.0
146 0.0
147 0.0
148 0.0
149 0.0
150 0.0
151 0.0
152 0.0
153 0.0
154 0.0
155 0.0
156 0.0
157 0.0
158 0.0
159 0.0
160 5.951024029038046
161 5.692903351285656
162 6.43401969905521
163 6.186234755766684
164 5.888344065171111
165 6.08579802000485
166 5.595895136820151
167 6.388012126377784
168 5.992350286626778
169 6.264693475986483
170 6.136273612230155
171 5.60009671098636
172 6.008573090771583
173 6.223107090646481
174 6.231638201421939
175 6.088884122626183
176 5.688069066362284
177 6.094333672172664
178 5.605036550226154
179 6.3014343348815895
180 6.488620691066904
181 5.646820658580047
182 5.996711332803647
183 5.833613715455084
184 5.643456713036885
185 6.091338107924814
186 5.908098826125438
187 6.3524983490059075
188 6.118075680407502
189 5.895328337051569
190 6.168705877480725
191 5.969261450253837
192 6.414306643110446
193 6.211256011591432
194 6.039780365973346
195 5.674196399569466
196 5.787427768488226
197 5.956464053557058
198 6.45809629686354
199 5.823972589704778
200 5.582909072058726
201 6.1674291641414944
202 6.091966040459237
203 5.719892421626139
204 5.815821384956436
205 6.046986361279764
206 6.03632527028324
207 6.450878955419284
208 6.026645071089804
209 5.7807687441924305
210 5.503535497633289
211 6.387776536550102
212 5.8470518099047695
213 6.431042259800392
214 6.272471992939886
215 6.304353169602951
216 5.993108441360484
217 5.968307111696741
218 6.2066536405573505
219 6.3501765119683515
220 6.420344893559303
221 5.819075368292316
222 6.153882440151711
223 6.226557396687623
224 6.45866812226033
225 5.918976978898477
226 5.923690975242254
227 5.567121281246908
228 5.931311369869008
229 6.30959989661641
230 6.366856840118101
231 5.653250758092675
232 5.9920365888241625
233 6.328469720609646
234 5.577061111639214
235 6.318385633242245
236 5.934305640684767
237 6.330133956270605
238 5.842871124378107
239 6.1690684524134785
240 6.185700217018977
241 6.170842874017405
242 6.13054083037249
243 5.530256109800407
244 6.01416869043944
245 5.733028187665688
246 6.44431574991199
247 5.592502604355046
248 5.723983292141807
249 6.326069871080346
250 5.762662232205595
251 5.767016849941063
252 5.886670338235502
253 5.677834777352021
254 6.322758655444393
255 6.08954382696067
256 6.161956233367034
257 5.816133708190075
258 5.52336204541098
259 5.971017923734874
260 6.088519338844133
261 5.749170004224451
262 5.667832240146986
263 6.016120787743449
264 5.681139929046278
265 6.047723447019491
266 6.310257905830397
267 6.2565235006266375
268 5.640236198928296
269 6.126993306081756
270 6.432389048677137
271 5.9164125765647855
272 5.722870315244252
273 5.833035144292072
274 6.060949617867708
275 6.436447101853244
276 5.644066354654239
277 5.8963069377146775
278 6.172210802964341
279 5.902983596574142
280 6.06713227512695
281 6.040461101493833
282 5.672640325591477
283 5.58038678632049
284 6.461086527841007
285 6.393176082228856
286 6.195686510733536
287 6.173047334666132
288 6.336848862404427
289 6.210425346387294
290 6.477193093453603
291 5.562344778881153
292 6.144217650390211
293 5.947203835491487
294 5.80444805315061
295 6.380665771106401
296 5.592983425255903
297 5.667446885659583
298 5.672439263376478
299 6.274437269426414
300 6.403177554126945
301 5.826297262106615
302 5.583173828421449
303 5.720768175429702
304 5.555464230425818
305 6.021801457107398
306 5.6903168458244995
307 6.392138379713895
308 6.274857249281959
309 5.95778493601243
310 6.190048436553813
311 6.4601669658454
312 6.420844993266079
313 6.361465297924147
314 5.760358086971766
315 5.98192339654779
316 5.883602941605591
317 6.459705920138228
318 5.765956570911541
319 6.157549554068438
320 6.092207877722428
