0 5.836524979859644
1 5.835498895278443
2 5.663005764666803
3 6.12681440150991
4 5.659569732090128
5 5.781791724390759
6 6.107545382455042
7 6.274347049679391
8 5.626096820549601
9 6.302994574536969
10 5.5281564569592065
11 6.409027702252573
12 5.8634737066790255
13 6.107379048752816
14 5.591377200006403
15 6.1874958591321905
16 6.353155217143617
17 6.14905543551531
18 6.005518681468054
19 6.485121305315147
20 5.943230343887821
21 5.7579493052479584
22 6.118720248681734
23 6.36061664533285
24 6.148912958448751
25 5.6468820163150015
26 5.660774039138533
27 6.3731341527568945
28 5.780802641177849
29 5.554406923205911
30 5.693319128753647
31 5.707886161090548
32 6.13337655982695
33 6.37964715269484
34 6.456139824507357
35 6.386495036175321
36 5.524791120049505
37 6.172434160589291
38 5.5374980938336344
39 5.7463326177286955
40 5.93078879648439
41 5.6476365759066836
42 6.4721720833606184
43 6.169381906672699
44 5.8355181343927764
45 6.435079075160649
46 5.791905190924745
47 5.941206381291816
48 5.819718892940152
49 6.155442352363766
50 5.538130397303811
51 6.3838136829748855
52 5.851421646124419
53 5.947910697471026
54 5.627248165665533
55 6.272349887702673
56 6.350233714940999
57 5.979774296728084
58 6.3091464332258225
59 5.585938556562448
60 5.930260624125107
61 6.2354840827582505
62 6.119272889633228
63 5.761111202589612
64 6.172479156301509
65 5.764304587087456
66 6.313810369712808
67 6.483668056287696
68 5.998492860778789
69 6.3337321075672355
70 5.685699571856312
71 6.133833659399219
72 6.1095631170385625
73 6.308157941040107
74 6.145467752705439
75 5.735802903805112
76 5.903527184327152
77 5.988418453766731
78 6.011987728731763
79 5.586766357585962
80 5.689333866486808
81 5.705081160529644
82 6.209157788894515
83 6.060887792978848
84 6.102802310402213
85 6.1294899796517175
86 5.716609685631649
87 6.335892729602146
88 6.486344881179545
89 6.24239130992258
90 5.5515698552991175
91 6.080480917641507
92 5.965502417996266
93 6.257666847854315
94 5.6164089748114865
95 5.971964017397838
96 6.305345634474359
97 5.909445765420147
98 5.577345102427791
99 5.636745333987756
100 0.0
101 0.0
102 0.0
103 0.0
104 0.0
105 0.0
106 0.0
107 0.0
108 0.0
109 0.0
110 0.0
111 0.0
112 0.0
113 0.0
114 0.0
115 0.0
116 0.0
117 0.0
118 0.0
119 0.0
120 0.0
121 0.0
122 0.0
123 0.0
124 0.0
125 0.0
126 0.0
127 0.0
128 0.0
129 0.0
130 0.0
131 0.0
132 0.0
133 0.0
134 0.0
135 0.0
136 0.0
137 0.0
138 0.0
139 0.0
140 0.0
141 0.0
142 0.0
143 0.0
144 0.0
145 0.0
146 0.0
147 0.0
148 0.0
149 0.0
150 0.0
151 0.0
152 0.0
153 0.0
154 0.0
155 0.0
156 0.0
157 0.0
158 0.0
159 0.0
160 6.499650158862005
161 6.077996541591109
162 5.76018115099043
163 5.998470601061556
164 6.2420095324178
165 6.051533728400666
166 5.666861563298085
167 5.6606860240615475
168 6.336665699059626
169 6.464188833509716
170 6.107226963638343
171 5.841967633211333
172 6.284888224727837
173 5.831690618473207
174 5.771002412405275
175 6.415289829826625
176 6.123634056029376
177 5.740844807765429
178 5.866252746601145
179 5.888573440055341
180 6.04298384739626
181 6.071175308590083
182 5.695795653679493
183 6.456669185825821
184 5.81860469311523
185 5.825726827330164
186 5.648281540051096
187 5.6106562362638295
188 5.987848145705258
189 6.409332442524919
190 6.215878968405241
191 6.140959771758397
192 5.92133771359323
193 5.828714916867118
194 5.638955132962857
195 5.697526098270222
196 6.1117036764446215
197 5.892664175986251
198 6.453299706472866
199 6.449284843320557
200 6.417781085275464
201 6.346357322067277
202 6.301660569333111
203 6.003904630454615
204 5.734078707856026
205 6.453411812824805
206 6.424485680030506
207 6.483281164961006
208 6.307607644958806
209 5.888083275779929
210 5.875420506994766
211 6.146174008253123
212 5.81034552475938
213 5.738757128349807
214 6.166071457611023
215 5.882021456109458
216 6.062223335594332
217 6.011507777100993
218 6.07699948669999
219 5.569850030404608
220 5.992458382728096
221 5.576049446576973
222 6.1340349580922435
223 6.272974347629912
224 5.8687130144051265
225 6.386936551653918
226 5.72493789930097
227 6.352680285932063
228 5.755138351043442
229 5.820250847920384
230 6.300044186530605
231 6.042522829651356
232 6.0449399873021985
233 6.0181718933780015
234 5.960504671578654
235 5.590161390351934
236 5.729838336860722
237 6.456348942172748
238 6.361511036988299
239 5.588747442639502
240 6.4089876793317115
241 5.507949830174249
242 6.334615910396092
243 5.943766107006101
244 6.387300482651747
245 5.831992337366025
246 5.997965048961221
247 6.001473312363451
248 6.330344399123912
249 6.152350840361864
250 6.244374049494028
251 6.201587745716329
252 5.6233953192588535
253 6.404951368276252
254 5.5215447280086964
255 6.393024720984505
256 6.16322168669897
257 6.284773407932744
258 5.75196182683921
259 5.636606270957393
260 6.060782256980431
261 5.8470188813587205
262 6.384805781087092
263 6.379395976637877
264 5.582156665377888
265 6.329493376084749
266 6.037885082058623
267 6.1781829359811
268 6.46663659083903
269 5.558202554923514
270 5.90305729359636
271 5.541383097156358
272 6.405784740450632
273 5.950732018490326
274 5.709132538409572
275 6.116341922138614
276 6.350717456672894
277 5.559491465375516
278 5.941414845171114
279 5.973322720768363
280 5.9690079228125095
281 5.94097460386171
282 5.7969893600067985
283 6.348879748091091
284 5.555753147148123
285 5.79611010439728
286 5.763877761004885
287 5.819442463529855
288 6.203787356075714
289 6.296874817657806
290 5.540979253869965
291 6.2926956413519255
292 5.9842921747205144
293 6.107129537200694
294 5.716523022395906
295 5.696778016734788
296 6.239977335557579
297 5.657676359671258
298 6.263064415703447
299 6.039898331877357
300 5.82884633043529
301 6.0596169017665025
302 6.155384259138256
303 6.401456958712365
304 6.35388508420222
305 5.907189889363569
306 5.994960324516898
307 5.893872422408658
308 5.716954591527297
309 6.422183083811095
310 6.077934984562033
311 6.197162327439114
312 5.897632994891649
313 6.018200616306467
314 5.506601099632525
315 5.562129882775937
316 5.841502115586189
317 5.991453540447925
318 6.427008503079838
319 6.398425848967281
320 6.208302563672973
