0 5.634387260111985
1 5.972931859069179
2 6.265136008872396
3 6.485167371456151
4 5.706605738697678
5 5.731160293611819
6 5.998696344033785
7 5.867182258783458
8 6.014993200550094
9 5.715445031716385
10 6.008383152430207
11 6.1228312895905965
12 5.865035363138896
13 6.488678414352905
14 6.478182780711908
15 5.798925225242412
16 5.686216361734423
17 5.767687680100137
18 5.709020431496309
19 6.304952848382295
20 5.943029296054081
21 5.843159631104961
22 6.445878103698809
23 5.586318450414224
24 6.219662621749707
25 6.482623604985328
26 5.696233630893081
27 6.092857185902246
28 5.969040310714414
29 5.673515656284462
30 6.483188486271903
31 5.5881350548622155
32 6.277564186539193
33 6.372706254481344
34 6.124702459293002
35 6.266858015004683
36 6.1065052118747305
37 5.86043451893409
38 5.8172436922013855
39 6.006311583842132
40 5.898729939570971
41 5.69057572991573
42 5.771482227398462
43 6.066580713945266
44 5.524985619732432
45 6.449775482031226
46 6.437819610417217
47 5.825706022721053
48 5.706500858050912
49 6.171952812231087
50 6.035294083283983
51 6.0935666159038036
52 5.678652770121961
53 6.499005340696441
54 6.1138274958574135
55 6.1791556504112055
56 6.176580937260034
57 5.794233100864874
58 5.5261914844481925
59 5.601068609184816
60 6.425986210696186
61 6.171077999919928
62 5.686484458462099
63 5.88013171468649
64 6.3086264692045795
65 6.2174363112972575
66 6.103055836403544
67 6.092446320394997
68 6.220796581951312
69 6.0022411878583295
70 6.481815279116397
71 6.447443134430965
72 6.127217635593148
73 5.61245269985292
74 6.176735449884615
75 5.575971223779078
76 6.389958740048445
77 6.077638039089921
78 5.680470573084459
79 5.922251021153854
80 5.914802415199826
81 6.063995428559217
82 5.850265165199578
83 6.213585385408369
84 6.291078269606678
85 6.226607805566966
86 6.222671777554242
87 5.907603826106916
88 5.951951220880359
89 6.069004229519182
90 6.498166247734922
91 5.51665586745055
92 5.559254991460848
93 5.539101332830835
94 6.355732892159308
95 5.578163754652515
96 6.049084020880272
97 6.1505332835759585
98 6.051040388165409
99 6.194125443101854
100 0.0
101 0.0
102 0.0
103 0.0
104 0.0
105 0.0
106 0.0
107 0.0
108 0.0
109 0.0
110 0.0
111 0.0
112 0.0
113 0.0
114 0.0
115 0.0
116 0.0
117 0.0
118 0.0
119 0.0
120 0.0
121 0.0
122 0.0
123 0.0
124 0.0
125 0.0
126 0.0
127 0.0
128 0.0
129 0.0
130 0.0
131 0.0
132 0.0
133 0.0
134 0.0
135 0.0
136 0.0
137 0.0
138 0.0
139 0.0
140 0.0
141 0.0
142 0.0
143 0.0
144 0.0
145 0.0
146 0.0
147 0.0
148 0.0
149 0.0
150 0.0
151 0.0
152 0.0
153 0.0
154 0.0
155 0.0
156 0.0
157 0.0
158 0.0
159 0.0
160 5.838462903437015
161 6.143411013845476
162 6.45635801110272
163 5.906754953563434
164 6.162336574367406
165 5.88764307967226
166 6.275316218321797
167 6.214081687987452
168 5.6705291672861575
169 6.263203911257104
170 5.530323192944958
171 6.148238778821989
172 5.624313107567893
173 5.8892759825846115
174 6.061941323428817
175 6.347616313347285
176 5.69005170809597
177 6.313789089207933
178 6.208466015989889
179 6.457083621322336
180 6.031544554913948
181 5.949259529341779
182 6.003520595588819
183 6.00870306861821
184 5.517163866863707
185 6.387283014726591
186 6.237849167805815
187 6.244840456105123
188 5.7615910881853045
189 6.416032182091889
190 6.282159219961194
191 6.024283547454
192 5.589296612583922
193 6.489413013443319
194 5.903422645244741
195 5.61247149224022
196 5.554968884834829
197 5.96091174318258
198 5.641022834609625
199 5.980596884856305
200 5.685521718254714
201 5.565153079059356
202 5.971901555025719
203 6.400743627765735
204 6.3849093740684095
205 6.462921471381535
206 5.527413522552601
207 5.695470359687454
208 6.2098496325018875
209 6.452490570419588
210 6.2683931817628045
211 6.171176432895701
212 6.479077301749008
213 6.24269040149352
214 6.301574888291305
215 6.4900158191258726
216 5.980488070841524
217 6.332902714817872
218 6.304130433650864
219 5.9009789028432476
220 6.398921234088375
221 5.781211324271619
222 5.63743557233344
223 5.688395608925499
224 6.489447898806633
225 5.689210016280432
226 5.563320029857429
227 6.074572526784068
228 5.52318382084724
229 6.417590822380949
230 6.029964459211917
231 5.6715253832339085
232 6.34662106704997
233 5.526039762014048
234 5.934979631546611
235 5.844474805089914
236 6.315451953301867
237 6.406854592150468
238 5.797795211091238
239 5.723703996856251
240 5.695785779348117
241 6.065361550330099
242 5.777984117404342
243 5.958299582897096
244 5.712185671920638
245 5.714768822941769
246 5.94327575610977
247 6.30078068355023
248 5.921426893841759
249 5.830691217753983
250 5.500332726179531
251 5.718814914500426
252 5.617532977141085
253 6.247600763672052
254 5.903438924233496
255 5.889189873041048
256 5.667637440937747
257 6.05958730838428
258 5.887141940773315
259 5.750996882017301
260 5.688173038585529
261 5.658249068970985
262 5.935904159073229
263 5.817141125709359
264 5.860106082575771
265 5.642788366652313
266 5.924905216659588
267 5.635130898040458
268 6.330159062218507
269 5.650662429911604
270 5.529393997456932
271 6.452050360281847
272 6.424254918659626
273 5.540420809816334
274 6.367877362185813
275 6.325849921855295
276 5.798581421739249
277 6.460948529795014
278 5.584769439155518
279 6.29742630843841
280 5.550790526222924
281 6.432877842354324
282 6.181988011997671
283 6.233881018661284
284 5.829873907243609
285 6.18386800826743
286 6.175659258215181
287 6.346284504178828
288 6.04352320649336
289 6.351946097792114
290 5.825287988647714
291 6.320106266872517
292 5.839925695184315
293 5.51594515850957
294 6.077461237246062
295 5.8592925097750275
296 6.053534336626165
297 6.479911634817757
298 6.023977088487586
299 6.436433408798296
300 6.232647659499647
301 6.055504435866064
302 5.708257808156769
303 5.828886170061857
304 5.950029123264789
305 6.055188996510148
306 5.704957242496913
307 5.50559378796127
308 5.706652298511794
309 5.5022633033690225
310 5.620132545678998
311 6.205491868649423
312 5.947598263159877
313 5.935400563543045
314 6.410063561894158
315 6.4752674956885885
316 6.042904842903383
317 6.29134198210696
318 6.109812765720508
319 5.93294536715632
320 5.534702148683218
