0 6.295999807835045
1 5.889593654013231
2 6.415995659988193
3 6.002458513919448
4 6.2095134630952185
5 5.66832406973642
6 6.471240546443216
7 5.64621626053571
8 5.543190462557052
9 5.522661947969667
10 6.418003339389714
11 6.2910583269973746
12 5.9800264363933895
13 6.484343663204076
14 5.552615533104275
15 6.228421836366574
16 6.282647366538244
17 5.9422217950166765
18 5.777417260935528
19 5.609652632960867
20 6.189465654474799
21 5.854731341421543
22 5.650724073924801
23 6.024064252184729
24 6.496842845993573
25 5.678482807025435
26 5.630838978280419
27 6.315314416561355
28 6.326440739083339
29 6.327601088208812
30 6.031979307876278
31 6.144169301187685
32 5.697378784569525
33 6.008204433272157
34 6.016037260413743
35 5.701541553753346
36 6.354896726820766
37 5.782228741953592
38 6.032998828073359
39 6.479240172607063
40 5.5225734998743725
41 5.909514380867212
42 6.132514747124706
43 6.393722067145375
44 5.6066636989106495
45 5.9594901691104525
46 5.594475335620971
47 6.1897170604378
48 5.729230236118491
49 5.701267524868708
50 6.450911387587601
51 6.198206431635796
52 6.056795768493637
53 5.943830157275063
54 6.240683694649999
55 5.680722349259667
56 5.957802854087254
57 6.037517455360718
58 5.61681553336236
59 6.206191896817781
60 5.695299789435587
61 5.9235098012226395
62 5.6547535617402795
63 6.32688621138033
64 5.769767649304765
65 5.889533080847487
66 5.563331991367371
67 6.479765697255946
68 5.850811920870862
69 6.100958749842937
70 6.184892931152483
71 6.183701520991197
72 6.0120741555355055
73 6.3706934269807345
74 6.106558140066972
75 5.66984985865644
76 6.03517549762958
77 5.658440148945742
78 6.105096570044226
79 6.4636082991713915
80 6.245704662230405
81 6.320583255673815
82 5.5925055200866005
83 5.521682748847812
84 6.082401540503229
85 6.003398495359899
86 5.859034917794804
87 5.57009969688251
88 5.66779937219621
89 5.789157985624532
90 6.495915567531874
91 5.817071222153658
92 5.845054315291937
93 6.441138936354213
94 6.336185898215951
95 6.282072768203421
96 6.1760845081031555
97 6.067459112822644
98 5.563936632790278
99 5.545790896205841
100 0.0
101 0.0
102 0.0
103 0.0
104 0.0
105 0.0
106 0.0
107 0.0
108 0.0
109 0.0
110 0.0
111 0.0
112 0.0
113 0.0
114 0.0
115 0.0
116 0.0
117 0.0
118 0.0
119 0.0
120 0.0
121 0.0
122 0.0
123 0.0
124 0.0
125 0.0
126 0.0
127 0.0
128 0.0
129 0.0
130 0.0
131 0.0
132 0.0
133 0.0
134 0.0
135 0.0
136 0.0
137 0.0
138 0.0
139 0.0
140 0.0
141 0.0
142 0.0
143 0.0
144 0.0
145 0.0
146 0.0
147 0.0
148 0.0
149 0.0
150 0.0
151 0.0
152 0.0
153 0.0
154 0.0
155 0.0
156 0.0
157 0.0
158 0.0
159 0.0
160 6.269940408440759
161 6.177657071360969
162 6.462762402096838
163 6.125727020347037
164 5.582034581605482
165 5.881867055813366
166 5.644107291021708
167 5.818439205982032
168 5.994893213097716
169 5.683495961959643
170 5.838949450706006
171 5.695799456492617
172 5.914537564661459
173 6.401515289464741
174 6.17040880357073
175 6.3553369211363675
176 6.210860169274454
177 6.0446034272839935
178 6.113778257359333
179 6.1749258189497205
180 6.013217662808395
181 5.675376218122775
182 5.972700932490424
183 6.308037810522492
184 6.326941699875322
185 6.462933586645292
186 6.040470593883762
187 5.695667167866468
188 6.21075904589102
189 5.8952295334182905
190 6.3504703118444175
191 5.54738939499874
192 5.877354259951932
193 6.186656905647119
194 5.583990982444032
195 5.914655907944339
196 6.422544922167847
197 5.844882165996586
198 5.502472533905866
199 6.042123710531042
200 6.170109108379033
201 6.25810338954301
202 5.740091926105408
203 5.772888503413362
204 5.660543420896545
205 5.854772217385363
206 6.319965701609586
207 5.746755367376718
208 6.1562700157632415
209 5.792539053783715
210 6.208359849528972
211 6.394355633275873
212 5.518343654852326
213 6.1519685652335925
214 5.719524499770942
215 6.3979648044060395
216 6.352692831452901
217 6.287375049342652
218 6.159960106141241
219 6.1059446879435235
220 6.466985861141593
221 6.387434398263754
222 6.100835577554579
223 6.180094534460355
224 6.120279262373488
225 5.866360333251583
226 6.154626296996762
227 5.616095581204954
228 5.6444857651361175
229 5.925712718761685
230 5.638102786855991
231 6.2026094742150155
232 6.217565615362364
233 5.7787317816852894
234 6.2818623122109685
235 5.784380348650173
236 5.823145322152005
237 6.135382377643285
238 5.6532758935019
239 6.426301111730153
240 5.972873268554421
241 6.0331316929437655
242 5.85195025676805
243 6.496791293771224
244 5.822421845198386
245 5.553663007558633
246 6.122496544229918
247 5.6895460476301505
248 6.313081016548885
249 6.254061895167734
250 6.038967555520105
251 6.123285467199915
252 6.381538115354098
253 6.324286273143155
254 6.339850042509701
255 6.089580086399371
256 6.318811288037974
257 5.773427734443648
258 6.387217980565146
259 6.253707449587807
260 5.916911477412317
261 5.639821861773999
262 5.7799847384420895
263 5.68238704845072
264 6.365758726916485
265 5.991567250400741
266 5.986341967943906
267 6.299290331800479
268 5.750074371794476
269 5.531197670918891
270 5.847614074158425
271 6.173924659463098
272 6.185886458302922
273 5.769580737854749
274 6.427409252494799
275 6.250993978941622
276 6.185783061129585
277 6.152278319434722
278 6.200796992696751
279 5.543153638548812
280 6.124738000835119
281 5.767730818113804
282 5.728699730314965
283 6.327761903264099
284 6.37643498855701
285 6.058711027425345
286 6.328435754602466
287 6.2071971995644475
288 5.900105545964636
289 5.899458611556255
290 6.217541736185502
291 6.49211071138569
292 6.492653142070975
293 5.912877502684142
294 5.700739234437892
295 6.242378911816944
296 6.312341154764829
297 6.09245719238686
298 5.701206679001194
299 6.393567304255955
300 6.120858986422293
301 5.655351301021341
302 6.363500600348962
303 6.195878871167303
304 5.773424890856094
305 6.272029224778822
306 6.115306981258441
307 6.094612566003465
308 6.169362454014488
309 6.001986462497134
310 5.861262208447291
311 6.151529291433289
312 5.93314165342023
313 5.5827992260225665
314 6.028768441401789
315 5.782424823297642
316 6.19939740220901
317 5.722597801338251
318 5.778593545293747
319 5.962122984288797
320 5.556168055388264
