0 24.278046638027046
1 23.955208847605128
2 23.93501326469497
3 24.086746634988682
4 24.43110872293777
5 23.87083853642059
6 24.360839430507077
7 24.45745577755239
8 23.7590251892121
9 24.26087131487451
10 23.950234827460694
11 24.161518032875236
12 23.82652717548591
13 24.453874102793808
14 23.660754904638125
15 23.562667018631675
16 24.46410696206853
17 23.950957904890604
18 24.101018123608455
19 23.781896742845035
20 23.594409603598827
21 23.83784179354935
22 24.243132171786016
23 23.63140191635635
24 24.0958877305677
25 24.427996913150707
26 24.018184932067367
27 24.047087269115583
28 23.542028530055415
29 24.24477598435489
30 24.41215962454088
31 24.218050767004918
32 24.19317136767875
33 24.02407986786276
34 23.720603070236322
35 24.02866312662476
36 23.58803381876158
37 24.342937109663403
38 23.95922387809217
39 23.85235176577259
40 24.10225019915987
41 23.863423575170707
42 24.37891368453159
43 23.65482582732878
44 24.380674102055618
45 24.394562554019263
46 24.052622202687147
47 24.478974096003096
48 23.511989051991943
49 23.670936423479333
50 23.86610340695448
51 23.712090945609148
52 23.800156886352344
53 24.389557856598636
54 24.254003153471714
55 23.905540014303583
56 23.780365432854214
57 24.344294865071582
58 24.3561695357956
59 24.011043342758807
60 24.451644944784825
61 23.99663131097804
62 23.595299627436138
63 24.31130227720402
64 23.796969223463456
65 23.74194741542263
66 23.609164297062073
67 23.762168020829627
68 23.938436615235112
69 23.807961097841705
70 24.065910369911123
71 24.11508685094816
72 24.081552291159277
73 23.797082455516875
74 23.869635271113893
75 24.451340120632654
76 24.456617571023155
77 24.38372039826706
78 24.058126576683247
79 24.281955321070924
80 24.38437226587584
81 23.587932162541623
82 23.625453237768482
83 24.026639477124743
84 23.770737998636875
85 23.596337701394855
86 23.944326999378287
87 23.827249859519174
88 23.56584648201348
89 24.195520342421673
90 23.83652489043667
91 23.93371354712786
92 23.892226373139593
93 24.069122912458916
94 23.62705213621944
95 23.907543201867682
96 24.009239739010404
97 23.547321051788735
98 23.772964530511913
99 21.98802384826356
100 20.351391877860845
101 19.81970258850713
102 20.49360481724879
103 19.912873424583875
104 20.12791006616365
105 20.211458624512208
106 19.99892479962211
107 19.529796137132312
108 19.971673372716374
109 20.120392634170557
110 19.573311621737723
111 20.28328624701798
112 19.73732894265171
113 20.39158775599528
114 20.06491315211963
115 20.066437291365204
116 19.57594466374631
117 20.008515441881187
118 19.922564303409313
119 20.34042426353021
120 19.72069331228121
121 19.520494576195755
122 19.6917265884136
123 19.739543439999203
124 20.00122200024998
125 19.66576355091323
126 20.031837448650208
127 20.23599379396091
128 19.565595755378254
129 19.7102512929855
130 20.42158543842413
131 20.20584034838685
132 19.790860008549885
133 19.53547837859725
134 19.95305202372686
135 19.678207351879692
136 20.337506090597508
137 19.730336719158203
138 20.207163746346723
139 19.596228140697406
140 20.292655689171117
141 19.980129018207464
142 20.46149593533629
143 19.51416259457939
144 20.480473366813154
145 19.624351248430578
146 19.633715558587657
147 20.411551482576026
148 19.512988253750578
149 19.518631331599163
150 20.390235116068496
151 19.75926963825027
152 20.034151729170848
153 19.688462730864767
154 19.747534523499574
155 20.1366038224666
156 19.67857711687282
157 20.447096679890684
158 20.40060613488099
159 17.54224923474725
160 16.06679889660307
161 15.773506241078415
162 15.85804458047097
163 16.351286800609387
164 16.46700968264534
165 15.848475443106954
166 16.074078995725788
167 16.460710959467004
168 16.30337778798798
169 16.24103299663361
170 15.538223502853585
171 15.918460126861527
172 16.460867724747125
173 16.439611438617955
174 15.890095425710813
175 15.956916331438075
176 16.47917060303111
177 16.043321551693094
178 16.27955256482326
179 15.667168083545047
180 16.18280742668515
181 15.749062082998677
182 16.276390864721893
183 16.090061897535588
184 16.39495855211991
185 15.882032535144655
186 16.112282485041003
187 15.616802866574263
188 16.098985063364808
189 15.876296565935984
190 16.277103093924712
191 16.32488788097968
192 16.130350841460448
193 15.634159269695491
194 15.945153277017052
195 15.66212975154724
196 16.15907305195458
197 16.250810536160685
198 16.441973819369586
199 16.15039557437281
200 16.34829138769945
201 16.21445164699907
202 16.102475553818778
203 16.18890868135312
204 15.592527909496763
205 15.94679149633906
206 16.188507567219187
207 15.803914972706034
208 15.701553972115772
209 15.98239658620251
210 16.364637216584537
211 15.690546237259841
212 16.151383706710735
213 15.59254525058967
214 15.786439655046937
215 16.455126184429165
216 15.863528752960327
217 16.1255599529603
218 15.942436291920794
219 15.797796136157388
220 16.249450537137594
221 15.849953041067515
222 16.407185592727235
223 16.11991084274079
224 16.182798111870405
225 16.25416197616511
226 15.921059385482128
227 15.52811060269882
228 15.985478297633454
229 15.886203740593972
230 15.847047756293042
231 16.037998547544326
232 16.122026191001414
233 16.305406929207635
234 15.726339530974336
235 15.919079913495422
236 15.561860166510238
237 15.90183266898796
238 15.721925285630162
239 16.195450494782463
240 16.25371338462007
241 16.28746165313775
242 15.829853312452427
243 15.869975003959905
244 15.842931631065644
245 16.106261023007722
246 15.519956532874033
247 15.911027869674234
248 16.480610686734078
249 16.22496115802068
250 16.11633332956597
251 16.35269423014153
252 16.398696539867878
253 16.374322445980436
254 15.667387861181975
255 15.96877423565998
256 15.5213575469228
257 16.05671356875506
258 15.84591544871849
259 15.595004442547413
260 15.901560249929451
261 15.683097974315793
262 15.869695353855827
263 15.669831326960782
264 15.52542156347575
265 15.523988972736795
266 16.233230190531817
267 16.25865512298372
268 16.286167394734434
269 16.27561580866646
270 16.28227478085269
271 15.641806803776024
272 15.856848449101838
273 16.463842498822608
274 15.704790918106044
275 15.854311359400514
276 16.2307892982365
277 16.30024676200373
278 15.873411055685445
279 16.030065379320316
280 16.02342259783429
281 15.838434646078666
282 16.281467780150045
283 15.572114822467828
284 15.875466922846082
285 15.994490882060395
286 16.41697003300639
287 15.796160991334277
288 16.443301327454826
289 15.669331486646982
290 15.500049022769213
291 15.772975900391629
292 15.983124243750344
293 15.912166332092651
294 15.689020142842384
295 16.49780850389207
296 16.3769769868131
297 15.595774319343402
298 16.057544606735167
299 15.710750340291838
300 15.548713477128919
301 16.496114657756664
302 16.3296714053938
303 15.882390500464481
304 15.918340325961413
305 16.19996213163723
306 15.609986852760494
307 16.271901190911258
308 16.22140777539272
309 15.544516229638958
310 15.731288478108105
311 15.842004426076725
312 16.226016204054414
313 16.27485934425944
314 16.481672008474007
315 15.747341424619002
316 15.51538814464737
317 16.045303704201846
318 15.609833242713822
319 15.71956782424843
320 12.470756812436163
