0 24.402598750227018
1 24.42145831840024
2 23.65828313616351
3 23.73497057634704
4 24.434756673898434
5 24.39101536646071
6 23.507431796945024
7 23.86139641520067
8 24.059902424082072
9 23.810691542745545
10 24.321117637706376
11 24.262261468401338
12 23.839444306752824
13 24.020540581619873
14 23.879314576405893
15 24.08015031618572
16 23.838695898107343
17 23.831290964457935
18 23.875063922407197
19 23.698822451233642
20 23.6658113390319
21 23.79316134484336
22 24.308154106494015
23 24.395569928172954
24 24.063606567328634
25 23.8224872900566
26 23.641961017635914
27 24.373115663571628
28 24.37662475591635
29 24.20076901160488
30 23.60172048381009
31 24.01959081779743
32 24.158882204642968
33 23.770906743235706
34 23.70970544577117
35 23.828722125059215
36 24.11853972677118
37 23.581612108237895
38 23.719658403948088
39 23.756858479717113
40 24.37196494405188
41 24.104185135976635
42 23.770091338678732
43 23.721561495313406
44 23.764094818456893
45 23.98792889631314
46 23.53110858989484
47 23.53822909958724
48 24.498446369217184
49 24.205332677531047
50 23.66375717957117
51 24.142038728418
52 23.767596361199086
53 23.760877262186657
54 24.167860997037074
55 24.49175204747808
56 24.290877666577124
57 23.75668111903148
58 24.308180175686175
59 23.592536491397873
60 24.42353584673994
61 23.819872019406237
62 24.371055704669494
63 23.700891616506826
64 24.457686000209872
65 24.08839735114202
66 24.09595158152823
67 23.67045309481782
68 24.017038402737953
69 24.292724684231956
70 23.565637928424806
71 24.121149899785394
72 24.282147410549598
73 23.844375186365188
74 24.446835361730653
75 23.88885269947555
76 23.86776080257597
77 23.605774591777905
78 24.202318809719614
79 23.95061768049835
80 24.496538534310545
81 23.513656091505027
82 23.75498556686072
83 23.532195465924453
84 23.772546180423227
85 24.450344269615645
86 24.291827179322016
87 23.84735650065752
88 23.996961947640493
89 23.517344289233417
90 24.232681484731774
91 23.654662366826386
92 23.621685977794165
93 23.931004010997626
94 23.51041060403934
95 24.451510497644882
96 23.996751867036515
97 24.35199579382416
98 23.735470452483913
99 22.01002665892358
100 20.36043966215591
101 19.631006907618882
102 20.44741704590231
103 20.16660823666472
104 20.248300766384336
105 19.790586933388102
106 20.216872140494996
107 20.00018536750862
108 19.871681412358402
109 20.35404266459281
110 19.714147071105437
111 19.686230751509907
112 20.37900801605556
113 19.790209101994005
114 20.245329215494806
115 19.583482238577364
116 20.455650087149113
117 19.659242753330833
118 20.17763847112045
119 19.59548109896698
120 19.64418811829499
121 20.2688894112295
122 20.041453484890322
123 19.78992837636604
124 20.28167292494136
125 19.930439939163488
126 20.43754536253917
127 20.482800775405625
128 19.734046325724343
129 19.849622172272486
130 20.38466507599954
131 20.3753057516305
132 19.80094094190289
133 20.050369305562768
134 20.18607781196034
135 19.508673520052817
136 19.772030751824158
137 20.31072912941879
138 19.76192695924956
139 20.140079483576137
140 19.586954878743008
141 19.87927733557102
142 20.342763930019498
143 20.469998901073275
144 20.214347249626854
145 19.578763666644484
146 19.81386112519938
147 20.330454544423702
148 20.187130783200438
149 19.86999707284113
150 20.164859580036627
151 20.179164430939966
152 19.54308472419153
153 20.178544600375716
154 19.533740835127745
155 19.717370906292025
156 20.462251107616037
157 19.8917538406477
158 20.483410371299225
159 18.385578036042023
160 16.01886853168675
161 15.993388644423215
162 16.210017406410675
163 16.324092526553887
164 15.517249219565349
165 16.001334102672846
166 15.67187691067254
167 16.183496173284958
168 15.993439232970644
169 15.697184675613352
170 15.795356378604327
171 15.905184678802488
172 15.610272259125326
173 15.861746582713797
174 15.828696301445571
175 15.704427490612556
176 16.493817121538285
177 15.71076367074465
178 15.68738422575025
179 16.206936582107815
180 15.57212743186019
181 15.566091419620694
182 16.021930435202332
183 16.303912791107678
184 16.295773922270683
185 15.534798522573025
186 15.785007890270505
187 15.529779955968282
188 16.114983924529884
189 15.930017727132448
190 15.822761536940737
191 16.286234357864625
192 15.788707657101744
193 16.441740242712648
194 15.961664326879136
195 16.000748772534568
196 16.35300981201021
197 15.774134142600218
198 16.438003874983323
199 15.965526325099331
200 16.013076341549183
201 15.81318095357589
202 16.467907907156583
203 16.306181566700214
204 15.955716326894104
205 16.1303412917555
206 16.313413249571337
207 15.70685598670198
208 16.057026760601232
209 16.4444207079224
210 15.942410403916508
211 15.821909601597541
212 16.445422762715754
213 16.46038006350485
214 15.860036447983815
215 16.492121193410817
216 15.704467671846395
217 15.936998814419592
218 16.224880731484756
219 16.16046275823048
220 15.948837637772417
221 15.512711962519758
222 16.10678119857205
223 15.776528875783612
224 15.88243563594109
225 15.63905584610338
226 15.915243929682733
227 16.482919752029527
228 15.603033939761882
229 16.484232462303602
230 15.517827934685815
231 16.277119903270417
232 16.073342221367156
233 15.57637267266544
234 16.313798523307554
235 16.16675551320092
236 16.019357867372705
237 15.665934163420486
238 16.348135397039826
239 16.3932630997283
240 16.159405124152986
241 15.926761532783745
242 16.12209676538603
243 16.480013580780184
244 15.80562121900933
245 16.357928834453837
246 15.856218658765872
247 16.258974401192372
248 16.058199323262436
249 16.12170324348807
250 16.28095691511406
251 15.84093687177672
252 16.05349795288963
253 15.501755218829143
254 16.310879116678823
255 15.521565864350656
256 16.36719540405363
257 16.00158571340679
258 16.43416246938757
259 16.117065643059394
260 15.600138346674107
261 15.681385673523208
262 16.356585409730812
263 16.331995650109352
264 16.35523606549908
265 16.01637344990555
266 16.159484387795747
267 16.451724145801215
268 16.3938257725261
269 16.104937782154877
270 15.679749543727613
271 15.821760379255416
272 15.74054999106647
273 16.29470543871148
274 16.406383700002777
275 16.311954787845345
276 15.547803067248466
277 16.392553449906643
278 16.279848593034338
279 16.117460953246454
280 16.438732022411465
281 15.570273699198141
282 16.385126335578118
283 15.772513460252268
284 15.743308291263414
285 15.616730044122527
286 15.961539382654305
287 15.64781032521149
288 16.30082443807613
289 15.702300985788069
290 16.100548369634286
291 16.497337357096416
292 15.729168574869455
293 16.464657582522747
294 15.678363955097021
295 16.239968016578796
296 16.22508970328563
297 16.457757919047893
298 16.341466710311604
299 15.920037875241357
300 16.39678405653141
301 16.19732180153867
302 16.174265075523625
303 15.524544521390123
304 15.55789617069025
305 16.20858807509962
306 15.81734671435261
307 15.828170899779742
308 16.340870862213105
309 15.777360627560174
310 16.48328443471416
311 16.42062924426115
312 15.71241826431179
313 16.421537081394295
314 15.573160999198707
315 16.286156205296788
316 16.323196746353233
317 15.87756940696107
318 16.011054989109095
319 16.30465173060488
320 12.288823402802425
