0 23.66254474457655
1 24.216876969217065
2 23.902804347475197
3 24.018910230602998
4 24.1377306000157
5 24.046092931251785
6 23.674129483600122
7 24.47231118207874
8 24.106784178011246
9 23.969124338953602
10 23.87319296969015
11 23.831910990557382
12 24.005601657210246
13 23.797712665252273
14 24.31343627098421
15 23.909164213477553
16 24.495985521565878
17 24.010822631187935
18 23.80734406016194
19 23.67736204175243
20 23.96890733227057
21 24.437647987776664
22 23.928733035827165
23 24.232944656626866
24 24.344278445547275
25 23.70951319541461
26 24.280255396940685
27 24.264781669425002
28 24.434313430051294
29 24.479034887278317
30 23.625839594700018
31 24.487976718556315
32 24.065105689918155
33 23.972597420254647
34 24.119572614723875
35 24.464179183340207
36 24.038084282712553
37 24.45037238945714
38 23.722915262626938
39 23.88480688121671
40 23.591014402571133
41 24.206991206545787
42 24.07538137814977
43 23.816238767430953
44 24.443282997515492
45 23.533621852398735
46 23.99401575565969
47 23.83718112425613
48 23.898518568965624
49 23.94626915081524
50 24.112032868076824
51 23.88795540563215
52 23.81255341936498
53 23.509806961092348
54 24.233131380964227
55 23.534415131624904
56 24.195576641853204
57 23.98851280050094
58 23.54645148837677
59 23.93368725319802
60 24.050835812294814
61 24.092686600504138
62 23.58311328988653
63 23.911034321465024
64 23.615382155087453
65 23.64986292065607
66 23.97851480168441
67 24.16297002498744
68 24.168307610529663
69 24.312828344126913
70 24.427313843729515
71 24.07195924351058
72 23.720693178583524
73 23.515453146663322
74 24.0381376353265
75 24.461193129812933
76 23.781488023838328
77 24.4784142498689
78 23.656755185957987
79 24.25632016340912
80 23.547343615802546
81 24.09498801648123
82 24.275038556902373
83 23.821631970393426
84 23.78890059050716
85 23.90611509263641
86 24.426266691029785
87 24.377581995115065
88 23.84165509740638
89 24.22398601084201
90 23.72610898254541
91 24.002547080830247
92 24.279570902335244
93 23.745261044207858
94 23.685713320779403
95 24.415529101710923
96 23.88659168642002
97 23.54139052680041
98 23.59868998575653
99 21.609442302398005
100 19.62342354996413
101 20.259909629369258
102 19.5244813175837
103 19.95908785140135
104 19.830655636486654
105 20.163163252827946
106 20.45375879932816
107 20.31946651822845
108 20.44812719809166
109 19.92497206649152
110 20.326686311710855
111 20.460840668464403
112 20.409227027739455
113 20.28262725625155
114 19.922225789007754
115 19.998211912428502
116 20.353443920311804
117 20.166375732134053
118 19.870182555261323
119 20.42886370456242
120 19.707306891809754
121 20.479447863376496
122 20.147113075837357
123 20.415972624323405
124 19.943272394393567
125 19.73593314378374
126 20.35244496154003
127 20.11075194668964
128 20.35919237489685
129 20.389919116141133
130 19.977927995824107
131 19.881450773129504
132 19.768193370809545
133 19.588040396085376
134 20.112294903828154
135 19.908097321442284
136 20.099010952260464
137 20.248925373149415
138 19.739186082806526
139 20.27275135342284
140 20.403424662686152
141 20.440960118924142
142 19.870115982880478
143 20.2459779416933
144 20.230189950318184
145 20.07916417425709
146 19.907088309507387
147 19.585024247666066
148 19.507254411604535
149 20.065251006297913
150 19.538535916394352
151 20.10356065688594
152 20.103666840617578
153 19.701606930813842
154 20.436485891321965
155 20.069779252440117
156 19.771842818122366
157 19.884990309829583
158 19.72455782088653
159 18.291638460552907
160 16.445165035995057
161 15.698937037817483
162 16.396346466802473
163 15.760115700577648
164 16.47365724178203
165 16.043348218668743
166 15.646438329940837
167 16.368043682291493
168 16.271155278125033
169 15.736850067569838
170 15.763198915006768
171 16.14732364210883
172 16.288685466685205
173 15.867515970152827
174 16.306069898160274
175 16.11043654538245
176 16.091158542234144
177 16.37912273061235
178 15.985565339349264
179 15.996363388350721
180 16.199823458356168
181 16.253586497883134
182 16.13490363621942
183 15.955581455572649
184 16.138713459103933
185 16.223663529327375
186 16.370384227249637
187 16.13673327395218
188 15.816402925576854
189 16.387826895791704
190 16.035176934410522
191 15.660272662338619
192 15.971601316323792
193 15.962574011187398
194 16.223229274013523
195 15.56651290515799
196 15.958583462234746
197 15.57367215995418
198 16.073533808764996
199 16.1025549787754
200 15.66716386909037
201 15.945399438442767
202 15.602658520710158
203 16.364792938081898
204 16.051842099433497
205 16.220476990147656
206 15.877602087488413
207 15.731201369750043
208 16.43060916873153
209 15.866201050561777
210 16.45685793053913
211 15.829759701957576
212 16.00675890267642
213 15.98200733803499
214 15.523898906343257
215 15.797313725583361
216 15.843364767877006
217 16.25644497255558
218 16.40168002925682
219 15.527058519893531
220 15.971137566463925
221 15.85924221298508
222 16.27120640429845
223 16.29264934047309
224 16.110745673560857
225 15.60678117668176
226 16.366075770051324
227 15.651490117240408
228 15.587699667826495
229 16.449524753695282
230 16.239444824249986
231 16.294040021747943
232 16.196278066899822
233 16.116327244801333
234 16.24250645371072
235 15.98685310421628
236 15.962357016215016
237 15.878212179788559
238 15.870890749240473
239 15.741704498966302
240 16.36174560460777
241 15.59211564723761
242 16.1298568925689
243 15.592361419588457
244 15.501614226814098
245 15.516489927852051
246 16.163131710720553
247 15.659125993838662
248 16.483513527052025
249 15.67593086075319
250 16.1101525865664
251 15.984985128445771
252 15.882526430689
253 15.639500624797549
254 15.975350450669032
255 15.563678389890335
256 15.922747844145935
257 16.088535877437387
258 15.890639525149219
259 15.557621033092675
260 16.173737953100012
261 16.20310230844183
262 16.023023682009722
263 16.182644265733497
264 16.318582092059494
265 15.756098021415225
266 16.161818601451923
267 16.32030681698425
268 15.624053202692412
269 16.387979186503166
270 16.038616810350195
271 16.19521293296683
272 16.093680248540785
273 16.46194255781652
274 15.766034393114857
275 16.108960852421777
276 15.827595495910645
277 15.543820202014205
278 16.235059718048525
279 16.023455722391684
280 15.831627971608405
281 16.34140382205235
282 16.26795887992974
283 15.801504664820703
284 15.865954904737666
285 15.513608751989995
286 16.059767023082955
287 16.295755075426264
288 16.039547820375777
289 15.685895472746537
290 16.138355415186098
291 15.853475997182134
292 15.680786612902399
293 15.534109357596027
294 16.17120696501872
295 16.18791937884667
296 15.50489537536734
297 16.29428277659502
298 16.45792717945872
299 15.809269472147005
300 15.833976623771353
301 16.11999951727894
302 16.14308867250825
303 16.113117402429737
304 15.732069976850717
305 16.20223834927869
306 16.15387214880872
307 15.849179996096126
308 16.422168515818665
309 16.047338872603802
310 16.436114211741376
311 15.900473276218278
312 15.916248408881126
313 15.708718703253876
314 15.729274708747205
315 15.788142998837333
316 16.25192659013668
317 16.10025902117257
318 15.937700961438459
319 16.232599967900917
320 12.344059664998035
