0 24.360143289725045
1 24.006350785064893
2 23.636670336855666
3 23.508514719096482
4 23.59753731290045
5 23.96071769017731
6 24.438507047995916
7 24.281449300426075
8 23.702199710071778
9 23.573216371409867
10 23.738959079554775
11 23.54513070246962
12 23.643193602671595
13 23.920044583084334
14 24.185611290310845
15 23.596926932851837
16 24.197008280508758
17 23.758219749767242
18 23.82078710997459
19 23.68620382068237
20 23.755397278901455
21 23.549446785163852
22 24.47549387949051
23 23.533643231159125
24 24.195448010074497
25 23.814755142850597
26 23.678587307214674
27 23.694951818229416
28 23.509435182059395
29 23.85503417217196
30 23.65056808678735
31 24.485334226666886
32 23.888951169818366
33 24.205595354301824
34 23.915787529012718
35 23.959655491117374
36 23.587375401767993
37 24.33108697530146
38 23.8981131689835
39 24.358204072599122
40 24.391300964049204
41 24.143510202832527
42 23.926681061962793
43 24.485822797513258
44 23.749693520394224
45 23.55558172859458
46 23.605948372864386
47 23.769660411989076
48 23.86287720479642
49 24.404893083475805
50 23.568612229651528
51 23.728822067334537
52 23.75848552925234
53 24.08063728712832
54 24.431357756384298
55 24.336650116912782
56 23.64774888223129
57 24.128210024066554
58 24.133592946551357
59 24.081073532586586
60 24.38113619256282
61 23.70378466516742
62 24.100149277163858
63 23.71307561300332
64 23.537970954824274
65 24.221216410570843
66 24.176688976132674
67 24.40398600424612
68 24.249079435710957
69 23.915952568505983
70 24.36833015216099
71 23.636137289278217
72 23.53948729050306
73 23.592846961771947
74 24.385622269096327
75 23.534205058255615
76 24.210295081627436
77 24.463067705811273
78 23.979087649543253
79 23.956926807796382
80 24.11862270138778
81 23.974126423674235
82 24.064659902687303
83 24.30674018361808
84 24.228864063962522
85 24.322137993723363
86 24.46780017444539
87 24.137160227583
88 24.394677478588424
89 24.125545146891554
90 23.514223804705935
91 24.085167968111417
92 24.189769257832623
93 23.768835070726333
94 24.080392948230454
95 24.281787812902433
96 23.545160638207694
97 23.84141353095452
98 23.816384356343512
99 21.770492538982563
100 20.147801347161
101 20.455336068837894
102 19.722477465651927
103 19.7423035678309
104 19.909813267695416
105 19.638448703895907
106 19.910633577648596
107 20.440775865285584
108 19.65398233052954
109 19.51856176737166
110 19.928319658551644
111 19.923015826620365
112 20.486833636552888
113 20.052588809117182
114 19.804578772585813
115 19.593695300481617
116 20.351108226835702
117 19.633373520907057
118 19.82320349578803
119 19.862051477122957
120 19.858852017220105
121 20.245872507592036
122 19.80880748661603
123 19.75607697107135
124 19.840936070103446
125 19.588349052501005
126 20.409667060589246
127 19.53030200932501
128 19.91392579545152
129 20.32332038998775
130 20.179501318082036
131 19.92937990842131
132 19.552840628344228
133 19.623316856399214
134 19.68802923534251
135 19.830538822144074
136 20.12240810747317
137 19.554596759007428
138 19.95654830923892
139 20.24069824449193
140 19.744740608092997
141 19.69663400404859
142 20.291432676371937
143 20.391214312892934
144 19.95074537772367
145 19.640485137369218
146 19.757070983993756
147 19.83646272637488
148 20.040853920113683
149 20.45240786907596
150 20.154728803239063
151 20.167088738050236
152 19.590040182956088
153 19.709092563729612
154 20.401307304950098
155 20.357927584044575
156 20.453970764589755
157 19.80561202092968
158 20.29264201173625
159 17.57038526606505
160 15.839636043027168
161 15.995575256574313
162 16.067941196511878
163 16.413853699973867
164 16.198967418927413
165 16.017564220734453
166 15.721502156158051
167 16.44811045799734
168 15.80348919117899
169 16.10320529468992
170 16.494192716012883
171 16.13922757496073
172 15.751737658287546
173 16.259751648903965
174 16.245452560208136
175 15.799236942199373
176 15.810733292578275
177 16.298416552172316
178 16.45202276716513
179 15.532900004251779
180 16.44972018404727
181 15.87356624414622
182 16.35840245626923
183 16.02585298063072
184 16.295649773958832
185 15.981582483421791
186 15.592663406210349
187 15.781612084540338
188 15.583987132599558
189 15.99773321245787
190 15.912422187549069
191 15.703726416703901
192 15.861567106581013
193 15.652197111414498
194 16.12404328240413
195 15.737565447727299
196 15.983143899409063
197 16.470400885402068
198 15.817398882405698
199 15.657349431177089
200 16.11149481002249
201 15.993622139293747
202 16.29634009698606
203 15.89554141629377
204 15.719313094784935
205 15.61991616745995
206 16.24886076553336
207 15.929869029735121
208 15.87573901188193
209 15.661047115452957
210 16.171343901379917
211 15.751954487356329
212 16.063682550105188
213 16.01212820170164
214 16.13779757968055
215 15.954163039868096
216 15.810974795716279
217 15.552238953567919
218 15.742071813866863
219 15.838532725250394
220 16.05619037537706
221 16.040507102977397
222 16.094617023201476
223 15.513947594974214
224 15.84727724234148
225 15.65463058420049
226 16.36454435539995
227 15.93541995063336
228 16.000018321511604
229 16.406268825622128
230 16.29668898847457
231 15.791317956380938
232 15.72094582213765
233 15.887916897308266
234 15.64144854614214
235 16.128010347482206
236 16.276660301924416
237 16.20346020707084
238 15.939339473479981
239 16.00138418745764
240 16.120245404098846
241 15.731115578858923
242 16.293210063151882
243 15.646640987761657
244 15.978127421637161
245 15.719943112757012
246 15.69363561273234
247 15.625840763422996
248 16.181914094278497
249 15.647715186618758
250 15.878995126069954
251 15.712368490067847
252 16.15084193641817
253 16.125414826727358
254 15.637732778160496
255 16.38617771933252
256 16.133711169947386
257 16.150920336382594
258 16.48159850993645
259 15.981633162863297
260 15.517305457892112
261 16.28957038240132
262 16.395680807689743
263 16.474478115436096
264 16.38686926507916
265 15.885596792702126
266 16.02015392527013
267 15.513988158032832
268 15.818439945175406
269 15.675186439917855
270 15.63163635755906
271 16.134188033824135
272 16.422433536432777
273 15.707341008696703
274 16.384760040778467
275 16.267641485957668
276 16.29562990479776
277 16.129065158813916
278 16.17593508206451
279 16.04331508791582
280 15.63368848437186
281 16.15532386395065
282 16.429363942441814
283 16.443078248638376
284 15.672085104495103
285 16.44480026283856
286 16.044624199488872
287 16.488468295492947
288 16.319954330166897
289 15.98945770344639
290 15.66488409400706
291 16.176447967574187
292 16.349582073499334
293 15.608152300514638
294 16.188817463335422
295 16.342099086693725
296 15.641756236977356
297 15.785801416879593
298 16.35292848849383
299 15.870042425825728
300 15.529967032829223
301 15.51501893549235
302 15.642227354570272
303 15.58947031441136
304 15.67925986015963
305 16.14824773180044
306 16.38282501378595
307 15.59035522847823
308 16.363088374839652
309 16.007092008499498
310 16.39289502163323
311 15.824669428269878
312 15.788805323343686
313 15.836576857379447
314 16.415171166749083
315 15.96828859823588
316 16.199947309870673
317 16.48105553789885
318 15.883721643914424
319 15.7772945391256
320 11.597376041241217
