0 24
1 24
2 24
3 24
4 24
5 24
6 24
7 24
8 24
9 24
10 24
11 24
12 24
13 24
14 24
15 24
16 24
17 24
18 24
19 24
20 24
21 24
22 24
23 24
24 24
25 24
26 24
27 24
28 24
29 24
30 24
31 24
32 24
33 24
34 24
35 24
36 24
37 24
38 24
39 24
40 24
41 24
42 24
43 24
44 24
45 24
46 24
47 24
48 24
49 24
50 24
51 24
52 24
53 24
54 24
55 24
56 24
57 24
58 24
59 24
60 24
61 24
62 24
63 24
64 24
65 24
66 24
67 24
68 24
69 24
70 24
71 24
72 24
73 24
74 24
75 24
76 24
77 24
78 24
79 24
80 24
81 24
82 24
83 24
84 24
85 24
86 24
87 24
88 24
89 24
90 24
91 24
92 24
93 24
94 24
95 24
96 24
97 24
98 24
99 22
100 20
101 20
102 20
103 20
104 20
105 20
106 20
107 20
108 20
109 20
110 20
111 20
112 20
113 20
114 20
115 20
116 20
117 20
118 20
119 20
120 20
121 20
122 20
123 20
124 20
125 20
126 20
127 20
128 20
129 20
130 20
131 20
132 20
133 20
134 20
135 20
136 20
137 20
138 20
139 20
140 20
141 20
142 20
143 20
144 20
145 20
146 20
147 20
148 20
149 20
150 20
151 20
152 20
153 20
154 20
155 20
156 20
157 20
158 20
159 18
160 16
161 16
162 16
163 16
164 16
165 16
166 16
167 16
168 16
169 16
170 16
171 16
172 16
173 16
174 16
175 16
176 16
177 16
178 16
179 16
180 16
181 16
182 16
183 16
184 16
185 16
186 16
187 16
188 16
189 16
190 16
191 16
192 16
193 16
194 16
195 16
196 16
197 16
198 16
199 16
200 16
201 16
202 16
203 16
204 16
205 16
206 16
207 16
208 16
209 16
210 16
211 16
212 16
213 16
214 16
215 16
216 16
217 16
218 16
219 16
220 16
221 16
222 16
223 16
224 16
225 16
226 16
227 16
228 16
229 16
230 16
231 16
232 16
233 16
234 16
235 16
236 16
237 16
238 16
239 16
240 16
241 16
242 16
243 16
244 16
245 16
246 16
247 16
248 16
249 16
250 16
251 16
252 16
253 16
254 16
255 16
256 16
257 16
258 16
259 16
260 16
261 16
262 16
263 16
264 16
265 16
266 16
267 16
268 16
269 16
270 16
271 16
272 16
273 16
274 16
275 16
276 16
277 16
278 16
279 16
280 16
281 16
282 16
283 16
284 16
285 16
286 16
287 16
288 16
289 16
290 16
291 16
292 16
293 16
294 16
295 16
296 16
297 16
298 16
299 16
300 16
301 16
302 16
303 16
304 16
305 16
306 16
307 16
308 16
309 16
310 16
311 16
312 16
313 16
314 16
315 16
316 16
317 16
318 16
319 16
320 12
