1659624173.2911665	750	4	1.297	450283	1250	-5.5771
1659624173.84192	300	7.447323	0.0	155580	415	-0.15000000000000002
1659624174.2831714	300	11.004845	0.0	139857	396	0.3
1659624174.7797449	300	14.508279	0.0	155432	451	0.3
1659624175.2733538	300	18.015225	0.0	163442	446	0.3
1659624175.646758	300	21.643526	0.0	126289	323	0.3
1659624176.092183	300	25.198629	0.0	153295	397	0.3
1659624176.6072407	300	28.680733	0.0	173849	470	0.3
1659624177.069741	300	32.217929	0.0	150710	419	0.3
1659624177.5161917	300	35.771974	0.0	139105	399	0.3
1659624177.9714854	300	39.316373999999996	0.0	141840	409	0.3
1659624183.174264	4300	38.1141	0.0	2102452	5114	0.2999999999999998
1659624186.921568	4300	38.366723	0.0	2209463	3695	4.3
1659624190.7320852	4300	38.555707	0.0	2275376	3759	4.3
1659624195.5247593	4300	37.763395	0.0	2005399	4740	4.3
1659624201.507641	4300	35.782601	0.0	2152483	5923	4.3
1659624205.5997164	4300	35.688059	0.0	2289689	4039	4.3
1659624209.0996127	4300	36.188943	0.0	2059512	3447	4.3
1659624213.33819	4300	35.950592	0.0	2220726	4184	4.3
1659624219.2870002	4300	34.000426	0.0	2156729	5893	4.3
1659624223.8210857	4300	33.468428	0.0	2039773	4478	4.3
1659624227.5918128	4300	33.697063	0.0	2176469	3714	4.3
1659624231.3557518	4300	33.933798	0.0	2221506	3709	4.3
1659624236.7979784	4300	32.490476	0.0	2044075	5384	4.3
1659624242.6621857	4300	30.634960000000007	0.0	2186790	5796	4.3
1659624246.1607618	4300	31.127724999999998	0.0	2105231	3442	4.3
1659624250.1494653	4300	31.138175000000004	0.0	2395588	3932	4.3
1659624254.4668336	4300	30.821912999999995	0.0	1972048	4263	4.3
1659624260.4497497	4300	28.838262	0.0	2134614	5928	4.3
1659624264.6560552	4300	28.631885999999994	0.0	2164140	4150	4.3
1659624268.2676861	4300	29.020472999999996	0.0	2113193	3560	4.3
1659624271.863138	4300	29.42501	0.0	2147852	3544	4.3
1659624277.8829012	4300	27.405527000000006	0.0	2191074	5967	4.3
1659624284.1330085	4300	25.154847000000004	0.0	2286761	6195	4.3
1659624290.6220353	4300	22.666798999999997	0.0	2307787	6429	4.3
1659624296.5405216	4300	20.748119000000003	0.0	2143948	5862	4.3
1659624301.8684537	4300	19.420431000000008	0.0	1919781	5272	4.3
1659624307.9873557	4300	17.300801000000007	0.0	2147467	6063	4.3
1659624314.0590675	4300	15.229352000000006	0.0	2133870	6015	4.3
1659624319.9227786	4300	13.365140999999994	0.0	2146120	5808	4.3
1659624325.611094	4300	11.676925000000011	0.0	2108491	5635	4.3
1659624331.6304412	4300	9.657800000000009	0.0	2184571	5963	4.3
1659624337.7366793	4300	7.551530000000014	0.0	2121928	6048	4.3
1659624343.8402805	4300	5.447645999999992	0.0	2219102	6051	4.3
1659624349.9074717	4300	4.498488000000009	1.118	2124950	6008	-0.5073999999999996
1659624356.316362	4300	4.365210999999988	2.276	2246506	6352	-5.4868
1659624361.9232597	4300	4.141537999999997	1.383	1961140	5546	-1.6468999999999996
1659624368.0722706	4300	4.303232000000008	2.282	2155012	6094	-5.5126
1659624371.5986664	4300	2.4557039999999972	0.0	1433658	3473	4.3

1659624373.436114	750	4	0.962	668286	912	-4.1366
1659624374.8414955	1850	6.593845	0.0	957685	1320	0.75
1659624377.852042	4300	7.582054	0.0	2177073	2925	1.8499999999999996
1659624380.8273122	4300	8.60687	0.0	2160877	2921	4.3
1659624386.9492211	4300	6.486499	0.0	2233056	6064	4.3
1659624389.260336	1850	8.174344	0.0	801058	2249	-0.6000000000000001
1659624389.753697	300	11.680387	0.0	153295	414	-1.25
1659624390.289891	300	15.145699	0.0	173849	483	0.3
1659624390.7559373	300	18.677962	0.0	150710	421	0.3
1659624391.1162536	300	22.318092	0.0	139105	311	0.3
1659624391.3999083	300	26.034314	0.0	141840	240	0.3
1659624392.158536	750	29.275353	0.0	405134	679	0.3
1659624392.4719434	300	32.962162	0.0	160746	261	-0.15000000000000002
1659624392.8067667	300	36.627174	0.0	179801	290	0.3
1659624393.081097	300	40.352568000000005	0.0	140051	228	0.3
1659624393.3570113	300	44.076862	0.0	138313	232	0.3
1659624393.648993	300	47.785073	0.0	143509	249	0.3
1659624397.1280622	4300	48.305195999999995	0.0	2059512	3420	0.2999999999999998
1659624400.8544285	4300	48.584106	0.0	2220726	3664	4.3
1659624406.8897913	4300	46.545222	0.0	2156729	5982	4.3
1659624411.9498825	4300	45.485719	0.0	2039773	5002	4.3
1659624415.6621306	4300	45.771383	0.0	2176469	3659	4.3
1659624419.3938422	4300	46.041164	0.0	2221506	3672	4.3
1659624424.0233488	4300	45.409809	0.0	2044075	4573	4.3
1659624430.0984094	4300	43.335722	0.0	2186790	6021	4.3
1659624434.0309029	4300	43.402964	0.0	2105231	3876	4.3
1659624438.16359	4300	43.270335	0.0	2395588	4075	4.3
1659624441.8336833	4300	43.59992	0.0	1972048	3619	4.3
1659624447.9749947	4300	41.45873	0.0	2134614	6085	4.3
1659624452.8717031	4300	40.561863	0.0	2164140	4840	4.3
1659624456.379165	4300	41.055711	0.0	2113193	3454	4.3
1659624459.9450047	4300	41.489175	0.0	2147852	3507	4.3
1659624465.4488833	4300	39.985207	0.0	2191074	5444	4.3
1659624471.5068665	4300	37.927460999999994	0.0	2286761	5999	4.3
1659624475.3649561	4300	38.06944	0.0	2307787	3803	4.3
1659624478.9868836	4300	38.447608	0.0	2143948	3565	4.3
1659624483.0481849	4300	38.385952	0.0	1919781	4007	4.3
1659624488.8929935	4300	36.541105	0.0	2147467	5790	4.3
1659624789.7016284	750	4	1.284	450283	1237	-5.521199999999999
1659624790.251375	300	7.4471810000000005	0.0	155580	416	-0.15000000000000002
1659624790.6871262	300	11.010755	0.0	139857	390	0.3
1659624791.1827254	300	14.514597	0.0	155432	450	0.3
1659624791.6781042	300	18.019235	0.0	163442	448	0.3
1659624792.0650418	300	21.636928	0.0	126289	335	0.3
1659624792.505581	300	25.191603	0.0	153295	398	0.3
1659624793.023897	300	28.673698	0.0	173849	475	0.3
1659624793.482461	300	32.215007	0.0	150710	412	0.3
1659624793.9336457	300	35.763705	0.0	139105	400	0.3
1659624794.3879936	300	39.309288	0.0	141840	408	0.3
1659624799.61771	4300	38.07971	0.0	2102452	5137	0.2999999999999998
1659624803.3645358	4300	38.333107	0.0	2209463	3695	4.3
1659624807.167975	4300	38.529156	0.0	2275376	3750	4.3
1659624811.938648	4300	37.758811	0.0	2005399	4719	4.3
1659624817.9165049	4300	35.780634	0.0	2152483	5922	4.3
1659624822.041149	4300	35.656651	0.0	2289689	4068	4.3
1659624825.5426822	4300	36.155358	0.0	2059512	3449	4.3
1659624829.7560887	4300	35.942171	0.0	2220726	4157	4.3
1659624835.703256	4300	33.99384	0.0	2156729	5890	4.3
1659624840.26239	4300	33.435875	0.0	2039773	4501	4.3
1659624844.0315042	4300	33.666264	0.0	2176469	3712	4.3
1659624847.795647	4300	33.90187	0.0	2221506	3709	4.3
1659624853.217787	4300	32.479763	0.0	2044075	5366	4.3
1659624859.0992756	4300	30.598119999999994	0.0	2186790	5816	4.3
1659624862.5980644	4300	31.099331000000006	0.0	2105231	3446	4.3
1659624866.5813081	4300	31.116428	0.0	2395588	3929	4.3
1659624870.8551483	4300	30.841905999999994	0.0	1972048	4221	4.3
1659624876.8325434	4300	28.865864000000002	0.0	2134614	5919	4.3
1659624881.0759614	4300	28.62196	0.0	2164140	4185	4.3
1659624884.6948094	4300	29.002699000000007	0.0	2113193	3562	4.3
1659624888.2984536	4300	29.400504999999995	0.0	2147852	3540	4.3
1659624894.3052359	4300	27.391841	0.0	2191074	5949	4.3
1659624900.5632436	4300	25.134806999999995	0.0	2286761	6198	4.3
1659624907.0477536	4300	22.649710999999996	0.0	2307787	6427	4.3
1659624912.9722044	4300	20.726934	0.0	2143948	5866	4.3
1659624918.3002565	4300	19.400778000000003	0.0	1919781	5267	4.3
1659624924.433223	4300	17.26400799999999	0.0	2147467	6066	4.3
1659624930.5106223	4300	15.187601	0.0	2133870	6019	4.3
1659624936.3791802	4300	13.319009999999992	0.0	2146120	5809	4.3
1659624942.07456	4300	11.623270999999988	0.0	2108491	5629	4.3
1659624948.0978775	4300	9.599889999999988	0.0	2184571	5964	4.3
1659624954.2056398	4300	7.492961000000008	0.0	2121928	6048	4.3
1659624960.3057504	4300	5.3922509999999875	0.0	2219102	6040	4.3
1659624966.3760862	4300	4.497473000000014	1.176	2124950	6009	-0.7568000000000001
1659624972.7923903	4300	4.414738	2.336	2246506	6355	-5.744799999999999
1659624978.3954816	4300	4.258607000000012	1.445	1961140	5545	-1.9135
1659624984.5534024	4300	4.203449000000006	2.103	2155012	6099	-4.7429
1659624988.0598185	4300	2.3756930000000125	0.0	1433658	3449	4.3

1659624989.8990476	750	4	0.954	668286	912	-4.1022
1659624991.3022988	1850	6.597872	0.0	957685	1320	0.75
1659624994.3098826	4300	7.588916	0.0	2177073	2925	1.8499999999999996
1659624997.2988167	4300	8.611851	0.0	2160877	2919	4.3
1659625003.4322941	4300	6.467328999999999	0.0	2233056	6075	4.3
1659625005.7479305	1850	8.152196	0.0	801058	2245	-0.6000000000000001
1659625006.2393613	300	11.659571	0.0	153295	413	-1.25
1659625006.770153	300	15.129572	0.0	173849	483	0.3
1659625007.2484064	300	18.650722	0.0	150710	431	0.3
1659625007.598808	300	22.300005	0.0	139105	302	0.3
1659625007.8828135	300	26.016667	0.0	141840	239	0.3
1659625008.6373022	750	29.261766	0.0	405134	678	0.3
1659625008.9511375	300	32.948772000000005	0.0	160746	262	-0.15000000000000002
1659625009.2876647	300	36.611703	0.0	179801	293	0.3
1659625009.5621467	300	40.336957999999996	0.0	140051	231	0.3
1659625009.8383858	300	44.060866000000004	0.0	138313	233	0.3
1659625010.122417	300	47.776554000000004	0.0	143509	241	0.3
1659625013.6044252	4300	48.294244	0.0	2059512	3420	0.2999999999999998
1659625017.3213208	4300	48.577865	0.0	2220726	3662	4.3
1659625023.3555758	4300	46.543756	0.0	2156729	5981	4.3
1659625028.416946	4300	45.48244	0.0	2039773	5004	4.3
1659625032.1297538	4300	45.769891	0.0	2176469	3659	4.3
1659625035.858613	4300	46.040862	0.0	2221506	3674	4.3
1659625040.4800704	4300	45.418991	0.0	2044075	4567	4.3
1659625046.5566063	4300	43.342534	0.0	2186790	6019	4.3
1659625050.492256	4300	43.407671	0.0	2105231	3876	4.3
1659625054.6141388	4300	43.28456	0.0	2395588	4068	4.3
1659625058.2646062	4300	43.634974	0.0	1972048	3595	4.3
1659625064.3994062	4300	41.499634	0.0	2134614	6082	4.3
1659625069.3193393	4300	40.579814	0.0	2164140	4860	4.3
1659625072.8273897	4300	41.072008999999994	0.0	2113193	3451	4.3
1659625076.3916912	4300	41.50769	0.0	2147852	3508	4.3
1659625081.8798475	4300	40.019454999999994	0.0	2191074	5429	4.3
1659625087.9531474	4300	37.945753999999994	0.0	2286761	6014	4.3
1659625091.8132372	4300	38.086197	0.0	2307787	3803	4.3
1659625095.430756	4300	38.46856	0.0	2143948	3563	4.3
1659625099.4750733	4300	38.423771	0.0	1919781	3989	4.3
1659625105.3195293	4300	36.57966999999999	0.0	2147467	5783	4.3

1659627375.7680984	750	4	1.301	450283	1252	-5.5943000000000005
1659627376.309633	300	7.455711	0.0	155580	415	-0.15000000000000002
1659627376.7475393	300	11.017094	0.0	139857	392	0.3
1659627377.2456462	300	14.518845	0.0	155432	451	0.3
1659627377.7339551	300	18.029891	0.0	163442	444	0.3
1659627378.106327	300	21.662305	0.0	126289	324	0.3
1659627378.5525117	300	25.21459	0.0	153295	395	0.3
1659627379.0673122	300	28.696516	0.0	173849	472	0.3
1659627379.5349953	300	32.228762	0.0	150710	421	0.3
1659627379.9884331	300	35.775916	0.0	139105	406	0.3
1659627380.442355	300	39.323382	0.0	141840	408	0.3
1659627385.6634002	4300	38.101646	0.0	2102452	5129	0.2999999999999998
1659627389.4129696	4300	38.35122	0.0	2209463	3698	4.3
1659627393.2201443	4300	38.543412000000004	0.0	2275376	3752	4.3
1659627398.0022323	4300	37.762292	0.0	2005399	4729	4.3
1659627403.9823909	4300	35.781827	0.0	2152483	5922	4.3
1659627408.0886264	4300	35.67595	0.0	2289689	4048	4.3
1659627411.5908368	4300	36.173914	0.0	2059512	3449	4.3
1659627415.811739	4300	35.952654	0.0	2220726	4164	4.3
1659627421.7604923	4300	34.003663	0.0	2156729	5892	4.3
1659627426.3145006	4300	33.45091	0.0	2039773	4495	4.3
1659627430.0890448	4300	33.676519	0.0	2176469	3713	4.3
1659627433.8544643	4300	33.909816	0.0	2221506	3708	4.3
1659627439.2889366	4300	32.47569	0.0	2044075	5380	4.3
1659627445.1527581	4300	30.611502	0.0	2186790	5803	4.3
1659627448.651072	4300	31.114014999999995	0.0	2105231	3446	4.3
1659627452.6376894	4300	31.128648	0.0	2395588	3928	4.3
1659627456.9338224	4300	30.830422	0.0	1972048	4237	4.3
1659627462.9179602	4300	28.847865999999996	0.0	2134614	5919	4.3
1659627467.153169	4300	28.611686000000006	0.0	2164140	4174	4.3
1659627470.7771196	4300	28.987358999999998	0.0	2113193	3564	4.3
1659627474.3799865	4300	29.384437000000005	0.0	2147852	3541	4.3
1659627480.4088955	4300	27.355738000000002	0.0	2191074	5976	4.3
1659627486.6614335	4300	25.103143000000003	0.0	2286761	6190	4.3
1659627493.1519191	4300	22.613283999999993	0.0	2307787	6429	4.3
1659627499.068567	4300	20.696269	0.0	2143948	5858	4.3
1659627504.4005435	4300	19.364970999999997	0.0	1919781	5273	4.3
1659627510.5236578	4300	17.24094500000001	0.0	2147467	6066	4.3
1659627516.5938587	4300	15.170297000000005	0.0	2133870	6014	4.3
1659627522.4651027	4300	13.299655999999999	0.0	2146120	5812	4.3
1659627528.1667955	4300	11.598341000000005	0.0	2108491	5644	4.3
1659627534.1920857	4300	9.573298999999992	0.0	2184571	5965	4.3
1659627540.3008904	4300	7.46346299999999	0.0	2121928	6047	4.3
1659627546.4001997	4300	5.3642150000000015	0.0	2219102	6040	4.3
1659627552.4651582	4300	4.496535999999992	1.196	2124950	6007	-0.8428000000000004
1659627558.8753123	4300	4.44538399999999	2.361	2246506	6353	-5.852299999999999
1659627564.4746757	4300	4.055217999999996	1.209	1961140	5544	-0.8986999999999998
1659627570.6239283	4300	4.2948240000000055	2.358	2155012	6094	-5.8394
1659627574.123299	4300	2.4748400000000004	0.0	1433658	3448	4.3

1659627575.94308	750	4	0.959	668286	912	-4.1236999999999995
1659627577.3445303	1850	6.599787	0.0	957685	1320	0.75
1659627580.3545594	4300	7.588037	0.0	2177073	2925	1.8499999999999996
1659627583.3478339	4300	8.609867999999999	0.0	2160877	2922	4.3
1659627589.4887693	4300	6.454924	0.0	2233056	6085	4.3
1659627591.7875152	1850	8.155802	0.0	801058	2241	-0.6000000000000001
1659627592.278517	300	11.664546999999999	0.0	153295	412	-1.25
1659627592.8050356	300	15.137877	0.0	173849	482	0.3
1659627593.2838585	300	18.659127	0.0	150710	434	0.3
1659627593.6345637	300	22.308277	0.0	139105	302	0.3
1659627593.9190283	300	26.026978	0.0	141840	241	0.3
1659627594.675384	750	29.268481	0.0	405134	678	0.3
1659627594.986019	300	32.957497000000004	0.0	160746	263	-0.15000000000000002
1659627595.3248954	300	36.620450000000005	0.0	179801	292	0.3
1659627595.5999434	300	40.343050000000005	0.0	140051	232	0.3
1659627595.8763149	300	44.066818999999995	0.0	138313	235	0.3
1659627596.1613197	300	47.782229	0.0	143509	241	0.3
1659627599.6404066	4300	48.303492	0.0	2059512	3420	0.2999999999999998
1659627603.3589292	4300	48.585177	0.0	2220726	3662	4.3
1659627609.3966923	4300	46.545924	0.0	2156729	5982	4.3
1659627614.4522257	4300	45.490887	0.0	2039773	5002	4.3
1659627618.1674364	4300	45.775437	0.0	2176469	3660	4.3
1659627621.900956	4300	46.042635	0.0	2221506	3679	4.3
1659627626.5329974	4300	45.411813	0.0	2044075	4574	4.3
1659627632.6115415	4300	43.331233	0.0	2186790	6020	4.3
1659627636.5451849	4300	43.398245	0.0	2105231	3877	4.3
1659627640.667791	4300	43.275228	0.0	2395588	4066	4.3
1659627644.3284829	4300	43.614103	0.0	1972048	3607	4.3
1659627650.471937	4300	41.47091399999999	0.0	2134614	6087	4.3
1659627655.3723128	4300	40.570749000000006	0.0	2164140	4843	4.3
1659627658.892918	4300	41.050472	0.0	2113193	3463	4.3
1659627662.453586	4300	41.490035000000006	0.0	2147852	3507	4.3
1659627667.9593403	4300	39.98384	0.0	2191074	5447	4.3
1659627674.0138173	4300	37.929422	0.0	2286761	5999	4.3
1659627677.8696105	4300	38.073530000000005	0.0	2307787	3802	4.3
1659627681.490659	4300	38.453046	0.0	2143948	3562	4.3
1659627685.558978	4300	38.384975999999995	0.0	1919781	4006	4.3
1659627691.4073706	4300	36.537419	0.0	2147467	5786	4.3

-------- new run

1659634247.6900873	750	4	1.322	450283	1272	-5.6846
1659634248.2617502	300	7.424213	0.0	155580	435	-0.15000000000000002
1659634248.7190216	300	10.965613	0.0	139857	412	0.3
1659634249.195837	300	14.488979	0.0	155432	430	0.3
1659634249.6582215	300	18.026869	0.0	163442	417	0.3
1659634250.0326269	300	21.654355	0.0	126289	326	0.3
1659634250.4883952	300	25.195757	0.0	153295	411	0.3
1659634251.0080302	300	28.676704	0.0	173849	476	0.3
1659634251.486541	300	32.197874	0.0	150710	435	0.3
1659634251.931576	300	35.751774	0.0	139105	401	0.3
1659634252.3840358	300	39.300148	0.0	141840	406	0.3
1659634257.426754	4300	38.259489	0.0	2102452	4946	0.2999999999999998
1659634261.1765828	4300	38.507776	0.0	2209463	3699	4.3
1659634264.9859197	4300	38.699062999999995	0.0	2275376	3757	4.3
1659634269.9090478	4300	37.775508	0.0	2005399	4871	4.3
1659634275.9117575	4300	35.773133	0.0	2152483	5948	4.3
1659634279.8486953	4300	35.836348	0.0	2289689	3881	4.3
1659634283.3499265	4300	36.335077	0.0	2059512	3448	4.3
1659634287.7441163	4300	35.940839	0.0	2220726	4339	4.3
1659634293.7008443	4300	33.983633	0.0	2156729	5901	4.3
1659634298.0875404	4300	33.59823	0.0	2039773	4313	4.3
1659634301.8661742	4300	33.820085	0.0	2176469	3720	4.3
1659634305.6291041	4300	34.055751	0.0	2221506	3708	4.3
1659634311.2240455	4300	32.460917	0.0	2044075	5541	4.3
1659634316.9133823	4300	30.77154	0.0	2186790	5632	4.3
1659634320.4081402	4300	31.276258999999996	0.0	2105231	3441	4.3
1659634324.3923311	4300	31.292919999999995	0.0	2395588	3928	4.3
1659634328.8374739	4300	30.847639	0.0	1972048	4389	4.3
1659634334.8247268	4300	28.860157	0.0	2134614	5927	4.3
1659634338.8974748	4300	28.787797999999995	0.0	2164140	4017	4.3
1659634342.5058591	4300	29.180294000000004	0.0	2113193	3543	4.3
1659634346.2126818	4300	29.472351000000003	0.0	2147852	3648	4.3
1659634352.293598	4300	27.391621	0.0	2191074	6021	4.3
1659634358.5694423	4300	25.115796000000003	0.0	2286761	6217	4.3
1659634365.0716853	4300	22.612376999999995	0.0	2307787	6444	4.3
1659634370.9519496	4300	20.733335999999994	0.0	2143948	5823	4.3
1659634376.3147109	4300	19.369055000000003	0.0	1919781	5309	4.3
1659634382.450583	4300	17.234306000000004	0.0	2147467	6077	4.3
1659634388.4822936	4300	15.202638000000007	0.0	2133870	5974	4.3
1659634394.3434415	4300	13.341519000000005	0.0	2146120	5801	4.3
1659634400.0603504	4300	11.624795000000006	0.0	2108491	5661	4.3
1659634406.0970745	4300	9.587737000000004	0.0	2184571	5982	4.3
1659634412.1997955	4300	7.485147000000012	0.0	2121928	6039	4.3
1659634418.3150856	4300	5.369788	0.0	2219102	6059	4.3
1659634424.3784647	4300	4.248808999999994	0.943	2124950	6008	0.24509999999999987
1659634430.7920802	4300	4.437968000000012	2.606	2246506	6355	-6.9058
1659634436.3974574	4300	4.293813	1.462	1961140	5549	-1.9865999999999993
1659634442.5636482	4300	4.030489999999986	1.902	2155012	6107	-3.8785999999999996
1659634445.8368356	4300	2.4621530000000007	0.0	1433658	3217	4.3

1659634447.6529272	750	4	0.963	668286	917	-4.140899999999999
1659634449.0533786	1850	6.600035	0.0	957685	1318	0.75
1659634452.0614588	4300	7.59282	0.0	2177073	2924	1.8499999999999996
1659634455.0556297	4300	8.600853	0.0	2160877	2933	4.3
1659634461.3261569	4300	6.329076000000001	0.0	2233056	6209	4.3
1659634463.6114423	1850	8.04129	0.0	801058	2228	-0.6000000000000001
1659634464.1049297	300	11.547464000000002	0.0	153295	417	-1.25
1659634464.6375897	300	15.015357000000002	0.0	173849	487	0.3
1659634465.074263	300	18.578623	0.0	150710	392	0.3
1659634465.3642278	300	22.288186	0.0	139105	245	0.3
1659634465.6462057	300	26.006085	0.0	141840	240	0.3
1659634466.3934162	750	29.259296	0.0	405134	669	0.3
1659634466.7049873	300	32.948375999999996	0.0	160746	259	-0.15000000000000002
1659634467.0423286	300	36.61014	0.0	179801	292	0.3
1659634467.3221078	300	40.330929	0.0	140051	235	0.3
1659634467.5984309	300	44.054351	0.0	138313	231	0.3
1659634467.8841388	300	47.768401999999995	0.0	143509	245	0.3
1659634471.3610926	4300	48.291772	0.0	2059512	3417	0.2999999999999998
1659634475.1207871	4300	48.532095999999996	0.0	2220726	3705	4.3
1659634481.2269156	4300	46.425828	0.0	2156729	6049	4.3
1659634486.161921	4300	45.490549	0.0	2039773	4881	4.3
1659634489.8738198	4300	45.778701	0.0	2176469	3659	4.3
1659634493.5899665	4300	46.062902	0.0	2221506	3649	4.3
1659634498.3363683	4300	45.317403	0.0	2044075	4691	4.3
1659634504.4128551	4300	43.239969	0.0	2186790	6018	4.3
1659634508.2289958	4300	43.423533	0.0	2105231	3762	4.3
1659634512.3512352	4300	43.301805	0.0	2395588	4067	4.3
1659634516.1258943	4300	43.527612000000005	0.0	1972048	3718	4.3
1659634522.2808473	4300	41.374149	0.0	2134614	6097	4.3
1659634527.0613856	4300	40.591561999999996	0.0	2164140	4718	4.3
1659634530.5834472	4300	41.069576999999995	0.0	2113193	3467	4.3
1659634534.150353	4300	41.503510000000006	0.0	2147852	3510	4.3
1659634539.7604446	4300	39.89245	0.0	2191074	5549	4.3
1659634545.7030742	4300	37.950638999999995	0.0	2286761	5880	4.3
1659634549.570813	4300	38.082166	0.0	2307787	3809	4.3
1659634553.1901557	4300	38.463437	0.0	2143948	3562	4.3
1659634557.363255	4300	38.290097	0.0	1919781	4115	4.3
1659634563.2158568	4300	36.437704	0.0	2147467	5791	4.3
