1659641621.1291943	750	4	1.244	450283	1198	-5.3492
1659641622.8992417	1200	6.224906	0.0	611087	1634	0.75
1659641624.4588873	1200	8.665073	0.0	571051	1513	1.2
1659641626.1559942	1200	10.966604	0.0	617681	1650	1.2
1659641627.9515133	1200	13.172378	0.0	652874	1742	1.2
1659641629.335444	1200	15.788442	0.0	520315	1333	1.2
1659641630.9355946	1200	18.187279	0.0	561791	1551	1.2
1659641632.9857934	1200	20.137172	0.0	709534	2005	1.2
1659641634.609419	1200	22.513288	0.0	584846	1573	1.2
1659641640.55562	4300	20.567125	0.0	2169201	5855	1.1999999999999997
1659641646.3924556	4300	18.731144	0.0	2173522	5783	4.3
1659641651.3845134	4300	17.739167	0.0	2102452	4936	4.3
1659641655.699728	4300	17.422848000000002	0.0	2209463	4259	4.3
1659641660.1325226	4300	16.990172	0.0	2275376	4378	4.3
1659641664.1432998	4300	16.980172000000003	0.0	2005399	3956	4.3
1659641668.3532412	4300	16.770718000000002	0.0	2152483	4152	4.3
1659641672.5646775	4300	16.558763999999996	0.0	2289689	4156	4.3
1659641676.2292633	4300	16.893866000000003	0.0	2059512	3606	4.3
1659641680.3264735	4300	16.797289	0.0	2220726	4041	4.3
1659641684.2517765	4300	16.871554000000003	0.0	2156729	3870	4.3
1659641687.9764063	4300	17.147260000000003	0.0	2039773	3650	4.3
1659641693.3669617	4300	15.756058999999993	0.0	2176469	5338	4.3
1659641699.9756162	4300	13.147165999999999	0.0	2221506	6552	4.3
1659641705.753823	4300	11.369090999999997	0.0	2044075	5720	4.3
1659641711.2283187	4300	9.894571	0.0	2186790	5410	4.3
1659641715.485877	4300	9.637576999999993	0.0	2105231	4204	4.3
1659641720.50589	4300	8.618039999999993	0.0	2395588	4961	4.3
1659641724.5581477	4300	8.565133000000003	0.0	1972048	3994	4.3
1659641728.9883053	4300	8.135225000000005	0.0	2134614	4371	4.3
1659641733.5173788	4300	7.607235000000003	0.0	2164140	4465	4.3
1659641737.9097161	4300	7.214304999999996	0.0	2113193	4331	4.3
1659641742.3312047	4300	6.7921989999999965	0.0	2147852	4362	4.3
1659641746.8594723	4300	6.263388000000006	0.0	2191074	4471	4.3
1659641751.7316954	4300	5.391597999999988	0.0	2286761	4819	4.3
1659641753.2093148	1200	7.91399899999999	0.0	690253	1421	-1.9000000000000001
1659641754.4867754	1200	10.636491000000007	0.0	598727	1224	1.2
1659641755.562024	1200	13.561237000000006	0.0	487812	1027	1.2
1659641756.7532353	1200	16.36968200000001	0.0	575591	1145	1.2
1659641761.1433666	4300	15.979473000000013	0.0	2133870	4334	1.1999999999999997
1659641765.6757298	4300	15.44735	0.0	2146120	4475	4.3
1659641770.0687532	4300	15.054788000000002	0.0	2108491	4337	4.3
1659641774.6367176	4300	14.48657399999999	0.0	2184571	4515	4.3
1659641778.9727252	4300	14.149943000000007	0.0	2121928	4280	4.3
1659641783.5747836	4300	13.548809000000006	0.0	2219102	4535	4.3
1659641788.060489	4300	13.062871000000001	0.0	2124950	4428	4.3
1659641792.6644664	4300	12.458829000000009	0.0	2246506	4549	4.3
1659641796.7028058	4300	12.420131999999995	0.0	1961140	3984	4.3
1659641801.1415021	4300	11.98281	0.0	2155012	4374	4.3
1659641804.104287	4300	10.69916600000002	0.0	1433658	2910	4.3
