1659638962.9767618	750	4	1.252	450283	1202	-5.3835999999999995
1659638964.1721463	750	6.799168	0.0	398865	1095	0.75
1659638965.1460748	750	9.823958000000001	0.0	350812	928	0.75
1659638966.2416272	750	12.730746	0.0	382355	1048	0.75
1659638967.3455422	750	15.624459	0.0	411561	1056	0.75
1659638969.4911444	1850	17.479469	0.0	801058	2057	0.75
1659638973.3137054	2850	17.657606	0.0	1388403	3733	1.85
1659638977.7358315	2850	17.234401	0.0	1638769	4368	2.85
1659638981.4052708	2850	17.56489	0.0	1348011	3617	2.85
1659638985.3854992	2850	17.584496	0.0	1429765	3925	2.85
1659638989.0218391	2850	17.948893	0.0	1354548	3585	2.85
1659638993.2940702	2850	17.676376	0.0	1519951	4217	2.85
1659638997.2514722	2850	17.719686000000003	0.0	1422919	3903	2.85
1659639001.5074606	2850	17.462859	0.0	1578343	4198	2.85
1659639004.7672036	2850	18.205914	0.0	1231445	3206	2.85
1659639008.718003	2850	18.252803	0.0	1471065	3891	2.85
1659639012.7817378	2850	18.18869	0.0	1491626	4009	2.85
1659639016.6034887	2850	18.366760999999997	0.0	1358801	3769	2.85
1659639020.7845757	2850	18.185512000000003	0.0	1537156	4126	2.85
1659639024.4709988	2850	18.499166000000002	0.0	1336050	3633	2.85
1659639028.3187723	2850	18.652991999999998	0.0	1415116	3792	2.85
1659639032.3011427	2850	18.668824	0.0	1468126	3928	2.85
1659639036.392551	2850	18.577978	0.0	1505760	4035	2.85
1659639042.084112	4300	16.886160000000004	0.0	2044075	5603	2.8499999999999996
1659639047.949791	4300	15.021592999999996	0.0	2186790	5804	4.3
1659639053.663167	4300	13.307101000000003	0.0	2105231	5652	4.3
1659639057.7822564	2850	13.187982000000005	0.0	1547572	4057	1.4000000000000001
1659639060.9277842	2850	14.044186999999994	0.0	1141971	3089	2.85
1659639064.998244	2850	13.973865000000004	0.0	1498470	4016	2.85
1659639069.1823142	2850	13.787891000000002	0.0	1561263	4129	2.85
1659639072.965243	2850	14.009352000000007	0.0	1341201	3729	2.85
1659639077.1111817	2850	13.859059000000002	0.0	1497683	4091	2.85
1659639080.7497728	2850	14.220735000000005	0.0	1358081	3583	2.85
1659639085.0566294	2850	13.914766999999998	0.0	1587293	4248	2.85
1659639089.2053437	2850	13.764869000000004	0.0	1492672	4093	2.85
1659639093.1514163	2850	13.819137000000012	0.0	1439896	3893	2.85
1659639096.2113504	2850	14.760019999999997	0.0	1139291	3003	2.85
1659639100.2532277	2850	14.717725000000002	0.0	1499009	3987	2.85
1659639104.2234473	2850	14.74667500000001	0.0	1427478	3917	2.85
1659639108.0454493	2850	14.925427000000013	0.0	1402287	3765	2.85
1659639111.7071333	2850	15.265161000000006	0.0	1339500	3605	2.85
1659639115.9067047	2850	15.063379999999995	0.0	1527299	4143	2.85
1659639119.5599995	2850	15.41059899999999	0.0	1343002	3602	2.85
1659639123.782909	2850	15.187535999999994	0.0	1587250	4162	2.85
1659639127.7583585	2850	15.212274000000008	0.0	1464921	3921	2.85
1659639131.9160318	2850	15.054753000000005	0.0	1483527	4105	2.85
1659639136.9041598	4300	14.066442999999992	0.0	1961140	4921	2.8499999999999996
1659639142.3728719	4300	12.598320000000001	0.0	2155012	5411	4.3
1659639146.0230258	4300	10.627459000000016	0.0	1433658	3598	4.3

1659639149.09716	750	4	1.72	668286	1673	-7.396
1659639152.7741728	2850	4.3227139999999995	0.0	1431809	3591	0.75
1659639156.0923946	2850	5.004183	0.0	1300868	3265	2.85
1659639159.9727201	2850	5.124309	0.0	1520281	3824	2.85
1659639163.8835654	2850	5.212842	0.0	1472558	3859	2.85
1659639167.180872	2850	5.916063999999999	0.0	1224260	3243	2.85
1659639170.867121	2850	6.229704999999999	0.0	1388403	3632	2.85
1659639175.357713	2850	5.738472000000002	0.0	1638769	4437	2.85
1659639178.898813	2850	6.197662000000001	0.0	1348011	3489	2.85
1659639182.7663417	2850	6.331164000000001	0.0	1429765	3810	2.85
1659639186.463909	2850	6.6342539999999985	0.0	1354548	3642	2.85
1659639190.5997477	2850	6.497275999999999	0.0	1519951	4076	2.85
1659639194.5577786	2850	6.5387270000000015	0.0	1422919	3902	2.85
1659639198.822477	2850	6.274912999999998	0.0	1578343	4208	2.85
1659639202.306859	2850	6.789468999999997	0.0	1231445	3432	2.85
1659639206.394865	2850	6.701827999999999	0.0	1471065	4017	2.85
1659639210.4240975	2850	6.672241999999997	0.0	1491626	3973	2.85
1659639214.0064187	2850	7.090158000000002	0.0	1358801	3529	2.85
1659639218.1153243	2850	6.981054999999998	0.0	1537156	4049	2.85
1659639221.7716312	2850	7.324529999999996	0.0	1336050	3609	2.85
1659639225.7607615	2850	7.337731000000005	0.0	1415116	3933	2.85
1659639229.7458806	2850	7.350656999999998	0.0	1468126	3928	2.85
1659639233.8664277	2850	7.230483000000007	0.0	1505760	4065	2.85
1659639237.5045736	2850	7.591633000000002	0.0	1323990	3583	2.85
1659639241.2509196	2850	7.845944000000003	0.0	1383735	3692	2.85
1659639245.265694	2850	7.830340000000007	0.0	1480464	3964	2.85
1659639249.5793972	2850	7.516801999999998	0.0	1547572	4257	2.85
1659639252.704284	2850	8.392223999999999	0.0	1141971	3072	2.85
1659639256.7346573	2850	8.362003999999999	0.0	1498470	3977	2.85
1659639260.9933553	2850	8.102941999999999	0.0	1561263	4206	2.85
1659639264.6065588	2850	8.489748000000006	0.0	1341201	3559	2.85
1659639268.642045	2850	8.454441000000003	0.0	1497683	3978	2.85
1659639272.274603	2850	8.822232	0.0	1358081	3576	2.85
1659639276.649957	2850	8.447078000000005	0.0	1587293	4315	2.85
1659639280.759019	2850	8.337153	0.0	1492672	4054	2.85
