0 6
1 6
2 6
3 6
4 6
5 6
6 6
7 6
8 6
9 6
10 6
11 6
12 6
13 6
14 6
15 6
16 6
17 6
18 6
19 6
20 6
21 6
22 6
23 6
24 6
25 6
26 6
27 6
28 6
29 6
30 6
31 6
32 6
33 6
34 6
35 6
36 6
37 6
38 6
39 6
40 6
41 6
42 6
43 6
44 6
45 6
46 6
47 6
48 6
49 6
50 6
51 6
52 6
53 6
54 6
55 6
56 6
57 6
58 6
59 6
60 6
61 6
62 6
63 6
64 22.142022159487098
65 22.142022159487098
66 22.142022159487098
67 22.142022159487098
68 22.142022159487098
69 22.142022159487098
70 22.142022159487098
71 22.142022159487098
72 22.142022159487098
73 22.142022159487098
74 22.142022159487098
75 22.142022159487098
76 22.142022159487098
77 22.142022159487098
78 22.142022159487098
79 22.142022159487098
80 22.142022159487098
81 22.142022159487098
82 22.142022159487098
83 22.142022159487098
84 22.142022159487098
85 22.142022159487098
86 22.142022159487098
87 22.142022159487098
88 22.142022159487098
89 22.142022159487098
90 22.142022159487098
91 22.142022159487098
92 22.142022159487098
93 22.142022159487098
94 22.142022159487098
95 22.142022159487098
96 22.142022159487098
97 22.142022159487098
98 22.142022159487098
99 22.142022159487098
100 22.142022159487098
101 22.142022159487098
102 22.142022159487098
103 22.142022159487098
104 22.142022159487098
105 22.142022159487098
106 22.142022159487098
107 22.142022159487098
108 22.142022159487098
109 22.142022159487098
110 22.142022159487098
111 22.142022159487098
112 22.142022159487098
113 22.142022159487098
114 22.142022159487098
115 22.142022159487098
116 22.142022159487098
117 22.142022159487098
118 22.142022159487098
119 22.142022159487098
120 22.142022159487098
121 22.142022159487098
122 22.142022159487098
123 22.142022159487098
124 22.142022159487098
125 22.142022159487098
126 22.142022159487098
127 22.142022159487098
128 29.021737178775005
129 29.021737178775005
130 29.021737178775005
131 29.021737178775005
132 29.021737178775005
133 29.021737178775005
134 29.021737178775005
135 29.021737178775005
136 29.021737178775005
137 29.021737178775005
138 29.021737178775005
139 29.021737178775005
140 29.021737178775005
141 29.021737178775005
142 29.021737178775005
143 29.021737178775005
144 29.021737178775005
145 29.021737178775005
146 29.021737178775005
147 29.021737178775005
148 29.021737178775005
149 29.021737178775005
150 29.021737178775005
151 29.021737178775005
152 29.021737178775005
153 29.021737178775005
154 29.021737178775005
155 29.021737178775005
156 29.021737178775005
157 29.021737178775005
158 29.021737178775005
159 29.021737178775005
160 29.021737178775005
161 29.021737178775005
162 29.021737178775005
163 29.021737178775005
164 29.021737178775005
165 29.021737178775005
166 29.021737178775005
167 29.021737178775005
168 29.021737178775005
169 29.021737178775005
170 29.021737178775005
171 29.021737178775005
172 29.021737178775005
173 29.021737178775005
174 29.021737178775005
175 29.021737178775005
176 29.021737178775005
177 29.021737178775005
178 29.021737178775005
179 29.021737178775005
180 29.021737178775005
181 29.021737178775005
182 29.021737178775005
183 29.021737178775005
184 29.021737178775005
185 29.021737178775005
186 29.021737178775005
187 29.021737178775005
188 29.021737178775005
189 29.021737178775005
190 29.021737178775005
191 29.021737178775005
192 16.476131631478495
193 16.476131631478495
194 16.476131631478495
195 16.476131631478495
196 16.476131631478495
197 16.476131631478495
198 16.476131631478495
199 16.476131631478495
200 16.476131631478495
201 16.476131631478495
202 16.476131631478495
203 16.476131631478495
204 16.476131631478495
205 16.476131631478495
206 16.476131631478495
207 16.476131631478495
208 16.476131631478495
209 16.476131631478495
210 16.476131631478495
211 16.476131631478495
212 16.476131631478495
213 16.476131631478495
214 16.476131631478495
215 16.476131631478495
216 16.476131631478495
217 16.476131631478495
218 16.476131631478495
219 16.476131631478495
220 16.476131631478495
221 16.476131631478495
222 16.476131631478495
223 16.476131631478495
224 16.476131631478495
225 16.476131631478495
226 16.476131631478495
227 16.476131631478495
228 16.476131631478495
229 16.476131631478495
230 16.476131631478495
231 16.476131631478495
232 16.476131631478495
233 16.476131631478495
234 16.476131631478495
235 16.476131631478495
236 16.476131631478495
237 16.476131631478495
238 16.476131631478495
239 16.476131631478495
240 16.476131631478495
241 16.476131631478495
242 16.476131631478495
243 16.476131631478495
244 16.476131631478495
245 16.476131631478495
246 16.476131631478495
247 16.476131631478495
248 16.476131631478495
249 16.476131631478495
250 16.476131631478495
251 16.476131631478495
252 16.476131631478495
253 16.476131631478495
254 16.476131631478495
255 16.476131631478495
256 19.9844280413979
257 19.9844280413979
258 19.9844280413979
259 19.9844280413979
260 19.9844280413979
261 19.9844280413979
262 19.9844280413979
263 19.9844280413979
264 19.9844280413979
265 19.9844280413979
266 19.9844280413979
267 19.9844280413979
268 19.9844280413979
269 19.9844280413979
270 19.9844280413979
271 19.9844280413979
272 19.9844280413979
273 19.9844280413979
274 19.9844280413979
275 19.9844280413979
276 19.9844280413979
277 19.9844280413979
278 19.9844280413979
279 19.9844280413979
280 19.9844280413979
281 19.9844280413979
282 19.9844280413979
283 19.9844280413979
284 19.9844280413979
285 19.9844280413979
286 19.9844280413979
287 19.9844280413979
288 19.9844280413979
289 19.9844280413979
290 19.9844280413979
291 19.9844280413979
292 19.9844280413979
293 19.9844280413979
294 19.9844280413979
295 19.9844280413979
296 19.9844280413979
297 19.9844280413979
298 19.9844280413979
299 19.9844280413979
300 19.9844280413979
301 19.9844280413979
302 19.9844280413979
303 19.9844280413979
304 19.9844280413979
305 19.9844280413979
306 19.9844280413979
307 19.9844280413979
308 19.9844280413979
309 19.9844280413979
310 19.9844280413979
311 19.9844280413979
312 19.9844280413979
313 19.9844280413979
314 19.9844280413979
315 19.9844280413979
316 19.9844280413979
317 19.9844280413979
318 19.9844280413979
319 19.9844280413979
320.0 17.84603507735634
