0 6.965066734483767
1 6.922794203508801
2 6.031138435231367
3 5.550730455676151
4 5.997202701254295
5 6.636829435138095
6 5.505035571523626
7 5.887624876154764
8 5.094158351623904
9 5.9304601196853595
10 6.965548196785982
11 5.0088320936606525
12 6.8505572986500916
13 5.837040851305636
14 5.653656384352724
15 5.054330099177913
16 5.503888970809368
17 6.408982070571961
18 6.459534271155765
19 6.381725423861307
20 6.780792976788537
21 5.237241388139511
22 5.629954258823834
23 6.756773457339304
24 5.258366989285449
25 6.787248690258679
26 6.383681149642236
27 5.048176529188744
28 5.4236655320332705
29 6.511030070985122
30 6.40529176246776
31 6.650560721331708
32 6.1363392148620575
33 6.846843203250431
34 6.883344780072742
35 6.494416622906481
36 6.6230258845349095
37 6.650099288549165
38 5.045245594171794
39 6.682916996079109
40 5.153614359124029
41 5.047661955538242
42 6.249695022328883
43 6.027368151902911
44 6.992357321629152
45 6.917130281230936
46 5.553411016366076
47 5.12263434687871
48 6.752486940772801
49 5.255698325502734
50 6.54120592517323
51 5.657037856837158
52 5.460957588275386
53 5.770415268672831
54 6.581028840630611
55 6.268224497338119
56 5.531428734811386
57 5.04827232821863
58 6.911471804587073
59 5.231848777719273
60 5.868985058775006
61 6.0020248037345905
62 6.590198646784257
63 6.702103716558245
64 21.854622779150116
65 22.801060023158623
66 22.673727117958986
67 21.583252501742155
68 21.98542608171534
69 22.824119743325888
70 22.220258835164085
71 21.5800639032018
72 22.440394319202895
73 23.134265970158726
74 22.839087737702197
75 21.82557886754739
76 21.627657360033634
77 22.11106798484489
78 21.173237457346648
79 22.29510369806714
80 22.42740139337396
81 21.88172044390764
82 22.37914063597942
83 21.50923420798526
84 21.34720274740541
85 22.373447840842726
86 21.481242464271443
87 22.870480724244093
88 22.4199028741846
89 21.25278439037798
90 21.876947659695865
91 21.22179461427307
92 22.52949682883343
93 22.681225879577788
94 21.25698781876559
95 22.38828865352417
96 21.160711025183375
97 22.424163400120925
98 21.31858066755925
99 22.09282526321011
100 21.780056574194944
101 21.282385017920227
102 22.696014045615797
103 22.296978361484562
104 22.71748696231954
105 21.457486132001822
106 22.416459723940157
107 22.055544188667362
108 23.079502847333192
109 22.243423696472785
110 21.68021267921249
111 22.779403244228554
112 21.216669320299758
113 22.19712487405686
114 21.193691425456702
115 22.561991197192842
116 21.42316338938008
117 22.46255230972123
118 21.88537210005505
119 21.95128569254301
120 21.73390591773532
121 22.215513938542138
122 22.963555329071884
123 21.316544438555685
124 21.171083684952073
125 21.29986681458618
126 21.818566569554307
127 22.311614855575478
128 29.58026378686619
129 29.269141028106056
130 29.078246692807525
131 28.67527997003952
132 28.25820595626652
133 29.129245716685503
134 28.57954888333545
135 29.217001011715194
136 29.611215258889555
137 29.53646442692582
138 29.841016329062892
139 28.172766387254068
140 29.579891271372105
141 28.28002261171079
142 28.2865434523543
143 29.33257064283628
144 28.93337081117445
145 28.27986213505078
146 28.574287964836728
147 29.120227847292877
148 28.709521010282455
149 29.69657877069729
150 28.085355322993703
151 28.872937862587968
152 28.459802000463096
153 29.558189471821652
154 29.387286279031688
155 29.829082837063996
156 29.904687104880892
157 28.615725622387288
158 28.246004657361883
159 28.98920898154436
160 29.420973254908173
161 28.906272387925323
162 28.712181281831963
163 28.99605785811663
164 29.100481948280784
165 28.820119414065186
166 28.703101517627623
167 29.91747719908672
168 29.992323849847
169 29.054265382959336
170 29.110637114628638
171 29.33528324159468
172 28.3235235325839
173 28.4407059416386
174 28.903275955177172
175 29.804860408390212
176 28.120781409347245
177 29.323869578776307
178 28.118676989829996
179 28.672503389422857
180 29.170803676713334
181 28.28970934751015
182 28.461197802238885
183 29.028724999264014
184 29.3066956436801
185 28.895829187558697
186 29.771441983541564
187 28.5509727235582
188 28.42120309423592
189 29.765568046403388
190 29.286651782218943
191 28.995387143527005
192 17.25044632765045
193 15.783905185367537
194 16.24464562381391
195 16.33176873058541
196 16.159962581154808
197 17.216264842791325
198 17.338520371979083
199 15.855423994680548
200 16.853947680082136
201 17.160169745708526
202 16.426072441518738
203 17.32354477573594
204 15.851874922436883
205 16.17743328177235
206 16.720609345152038
207 17.117578980433922
208 16.610152534483237
209 16.31411576899129
210 16.803363175022945
211 16.028913327321412
212 17.291564397690806
213 15.554128861774064
214 16.16187714235571
215 15.82681754414028
216 16.310312105285163
217 16.438483466608353
218 17.35403560366114
219 16.71329644157703
220 16.014642476430886
221 15.59561744885365
222 16.67450771387876
223 17.037446045462985
224 16.3478830453919
225 17.29293388074455
226 17.30813188354372
227 17.294508140297463
228 16.27308462511113
229 16.833126264771256
230 16.879138338744106
231 16.396332703887705
232 16.25226067406121
233 16.819826275679766
234 17.111763229022536
235 17.052137464690958
236 16.138037654495243
237 16.674991864346694
238 17.06017941782176
239 17.39578853531402
240 16.438560915799968
241 15.938802036742127
242 16.09244352557395
243 17.43078812328018
244 16.921077273952566
245 17.397300764846428
246 17.216638988652953
247 16.467451854863672
248 15.86295449647959
249 17.296433730551698
250 16.306818073495894
251 17.070473529333768
252 15.905502637725274
253 15.569136000185187
254 17.114618647129333
255 16.37376975103311
256 20.45133150156555
257 19.90433299307551
258 20.24355877494929
259 19.525692482009315
260 19.347998370434937
261 20.16334836709191
262 19.173367623151854
263 20.840761752076702
264 20.266421565543038
265 19.532910792656406
266 20.27600943971575
267 20.728079725768566
268 19.28677281015786
269 19.186203336763256
270 20.952863315571427
271 19.05621926981443
272 19.117914565066762
273 18.999119319408315
274 20.782943583660618
275 19.806032544481884
276 19.239169851843048
277 20.53526226907005
278 20.261493866832055
279 20.259445144590536
280 19.240387284583765
281 19.11843471883287
282 20.539706921232103
283 20.231262839576758
284 20.613273730167787
285 19.645441389918776
286 19.306037286126415
287 20.24777774551143
288 20.734718561822447
289 19.534448135641693
290 19.300223005355825
291 20.16328798061063
292 19.639085488156336
293 20.289680363877018
294 19.095970094476773
295 19.053224254921883
296 19.490313047819253
297 19.176371979828488
298 19.687705227594755
299 19.846123129208966
300 19.793787091300082
301 20.568527149924062
302 20.362112607912838
303 20.83913168752647
304 19.46469713928699
305 19.493328369574815
306 20.597225932428223
307 19.34406361622944
308 19.919707420879767
309 20.570066949709066
310 20.670840716031563
311 20.09509902499816
312 20.820661156689976
313 19.067617173124585
314 20.477927618046945
315 20.44066629217167
316 19.429352351252412
317 19.42044520087334
318 19.94256750529285
319 19.202588747850626
320.0 17.073595003241806
