0 5.203795091560836
1 5.059266368025589
2 5.096712874217746
3 6.197498320458686
4 6.862613055394368
5 5.571442298536574
6 6.388500904570606
7 6.370557658486384
8 5.870998723425765
9 5.104324549536956
10 5.821793991724552
11 6.182421360698682
12 6.27254795749666
13 5.975417278735868
14 5.704511395154673
15 6.382325077631293
16 6.310625784853596
17 6.587640044517887
18 5.565552524606625
19 5.921524299149298
20 5.11879191461965
21 5.420961009509289
22 6.394337425698806
23 6.61823204333351
24 5.765092091595088
25 5.211029996085309
26 5.080978185916872
27 5.891290598961714
28 5.035854881258048
29 6.748897491163509
30 5.443555519057528
31 5.251307431475136
32 6.321481635975659
33 5.417891784255455
34 6.6918702039304385
35 6.431633767098164
36 6.091994810062387
37 5.724887285443428
38 6.798534764690848
39 5.38378780737518
40 5.325158027606879
41 5.288104186547723
42 5.413167462478043
43 5.60168116926785
44 5.265245436888668
45 6.715251831525839
46 5.712401670597462
47 5.0799305864111055
48 6.910476287939941
49 6.557180569336774
50 5.736892820713437
51 5.996133694336447
52 5.474245841718087
53 5.667148054404688
54 5.680830681236182
55 5.459068963052539
56 5.030215922508754
57 6.230105846368892
58 5.303812186313511
59 6.145307193296412
60 6.875632313286362
61 6.140673594926486
62 6.945696103474816
63 6.047200603840578
64 21.51338484018466
65 21.19912785387887
66 21.362466856562598
67 22.72222058215662
68 22.919835435797452
69 22.66315996006049
70 21.19499170649271
71 22.008535169684386
72 22.420152893990103
73 21.989924224026037
74 21.495197681731497
75 22.089729357367503
76 22.48010387022747
77 23.004378549986047
78 21.521025153205525
79 21.574421131645806
80 22.06886843630059
81 21.564024073423766
82 22.260863677292406
83 22.94692773100511
84 21.55184515147047
85 21.187683153709024
86 22.544461122462092
87 21.90158881349384
88 22.331634996946505
89 22.317355121182334
90 23.022576009862224
91 21.211887498140225
92 22.74844641284484
93 22.107082726912694
94 21.242845168225877
95 21.978211710980222
96 22.12068433689101
97 22.88207338237168
98 21.57135697835551
99 21.238259179440302
100 22.113563812457652
101 22.752478273472413
102 21.519788088589753
103 22.26930992911623
104 21.793942228277253
105 21.14311340031135
106 21.702968382671397
107 22.419952961489077
108 22.473161403832158
109 21.840535640577073
110 22.248055851563933
111 22.54719907539582
112 22.78531777526326
113 21.38192067173567
114 21.562299435070194
115 21.67386669479434
116 22.884826447900824
117 21.84846165996296
118 22.56668711119686
119 21.883490487160934
120 21.971882338922978
121 22.47966049623078
122 22.492852891436264
123 22.564771063221546
124 21.836886354063907
125 21.648850547131
126 22.48514504353607
127 21.338739253574026
128 28.36863087899157
129 28.30148135503455
130 29.966367741203584
131 28.593022626431903
132 29.88890539717122
133 29.230195783016203
134 29.550856743717667
135 29.66737139820325
136 29.814710537285194
137 29.694707766707026
138 29.682620106537552
139 28.761924310324435
140 29.583423928798023
141 29.53818236974173
142 28.834581566984827
143 28.299577425244006
144 29.05474113194333
145 29.86244948422426
146 28.886663314416083
147 29.63919070848989
148 29.07680430367608
149 29.259819636804625
150 28.449580038348753
151 28.609979543090155
152 28.283256919204113
153 29.323722938740453
154 28.778710504184282
155 28.715359087597296
156 29.8763951299097
157 30.001833340463374
158 28.274539679732687
159 28.28747338073006
160 28.971931073823253
161 28.31327694265216
162 28.855466785904923
163 29.637758367610605
164 28.817189030405842
165 28.738303234615152
166 29.402925931993217
167 28.37074591939029
168 29.66115584499872
169 28.37872108400608
170 28.489034799099336
171 29.99569391616736
172 29.902888057232115
173 29.405402793513275
174 28.882077734829743
175 29.271505157218204
176 28.66937799690709
177 29.71233707141149
178 29.770614124117508
179 28.491209715432266
180 28.699950498001492
181 28.425330421225837
182 29.154408276503915
183 29.381510219081445
184 29.014828344820483
185 28.95872946626083
186 29.892679783965697
187 28.787985652728615
188 29.73028451889281
189 29.70632342961415
190 29.844369516548397
191 28.929966874480073
192 16.073200905020876
193 15.640555783906787
194 15.504234136026293
195 16.08224350834783
196 16.489815599172637
197 17.2141732285149
198 17.414188991826272
199 15.938332612141224
200 17.317001020368924
201 16.576095176844216
202 16.873366402628836
203 17.429902164488205
204 17.350884707770952
205 17.368872288500313
206 16.09612979529314
207 16.835750105933876
208 15.929749767522726
209 15.993037921705817
210 15.509307582215046
211 15.698317544590521
212 17.4061494353407
213 17.439375717212826
214 16.26815668520799
215 17.045493059860735
216 17.108526469747734
217 15.527978946961438
218 15.552998400296296
219 17.278247694570137
220 16.200901584452524
221 15.80915170971625
222 17.36689464000175
223 16.22200776724642
224 16.75737287522642
225 17.194619675275522
226 16.541342872144533
227 15.478442379637219
228 17.277538665822263
229 15.501240605630288
230 15.98852513056852
231 16.115705038676477
232 16.942636927004667
233 17.00191510549823
234 16.950773407412623
235 16.699732065070297
236 16.126844008789128
237 17.064476490534272
238 16.214824837513646
239 16.737283531121417
240 17.321853042759596
241 15.868048146476424
242 17.356774551569636
243 15.890083346382529
244 16.906103309120603
245 16.216653227047566
246 16.29642291366069
247 15.893989810274281
248 17.259710145841986
249 16.387721281229297
250 15.753357482588463
251 17.239266847412644
252 17.408057362721234
253 17.19552741771407
254 15.66129957290613
255 16.643445407232697
256 20.72435672655599
257 20.547488343081834
258 19.958133896526775
259 20.16840853119394
260 20.561610486784918
261 19.900083544186657
262 20.567670690768093
263 19.321866790660263
264 19.60759214652201
265 19.432569961889293
266 19.207900942807246
267 20.85105098142045
268 20.834769111509782
269 20.413758206741864
270 20.81589364458069
271 20.067108165810616
272 20.06372342009047
273 20.66349659400436
274 20.607328692415578
275 19.333631227920325
276 19.56795638208916
277 19.00631740027359
278 20.954673663336543
279 19.365836316560657
280 20.406276156835307
281 20.60771911015518
282 19.914790250448664
283 19.288231274406243
284 19.7269560508343
285 19.992936571196967
286 19.323026511841356
287 20.954245107476154
288 19.561041499903478
289 19.01059957011137
290 20.175619236599502
291 19.994626830768254
292 19.043477079610316
293 19.733039157029044
294 19.880793217310938
295 20.16781496494306
296 20.21257447156518
297 19.890447253651725
298 20.810505416817136
299 20.119601974191394
300 19.149006939432002
301 19.782836524614982
302 19.90926291156645
303 20.220338710368548
304 20.453200241276093
305 20.371316502677377
306 19.047653530755714
307 20.296407975293867
308 20.51177313965763
309 20.94062903801749
310 20.670142697059717
311 19.753098125019232
312 19.814467949521504
313 20.44699915431956
314 19.591651538470575
315 19.908579455178828
316 20.39748612502151
317 20.323581348716598
318 19.251053989967204
319 19.862338623198188
320.0 18.67472273654342
