0 6.792707518279645
1 5.434618276966814
2 5.607582779361272
3 6.856979480644996
4 5.382186948245417
5 6.81022963364266
6 6.2379455723753345
7 6.893708511379541
8 5.792752659651013
9 6.895240337468608
10 6.525482497056254
11 6.99493474258326
12 6.886122791737207
13 6.634233691292569
14 6.337441755107466
15 5.782696933637862
16 6.379657915201092
17 5.37365890765923
18 5.820117605176398
19 5.797057369408239
20 6.975015323944408
21 6.527889906301484
22 5.761197189320098
23 5.644369079455599
24 6.775537155778182
25 5.978852617869524
26 5.787122814876524
27 6.896144818457706
28 5.783292134275958
29 6.5551260828984415
30 5.5574003326005155
31 5.147359587661002
32 6.549412628303391
33 5.136781481472575
34 5.7185576351618
35 5.874650270859727
36 6.349376484793341
37 6.204721234043259
38 5.382480815445772
39 6.997976387920841
40 5.763511125120409
41 6.939866166161977
42 6.629976487126023
43 5.6982451954133
44 5.4174427776501535
45 5.212079028119033
46 6.346294264252064
47 6.187188156566538
48 5.1108003030475
49 5.118723251404152
50 6.541183563701079
51 5.235175219142333
52 6.210004888417019
53 5.155167007360764
54 5.190916194338023
55 6.413774340988777
56 5.03376131519684
57 5.327749822384322
58 6.371651972012977
59 6.377660003087224
60 6.384965145348301
61 5.950023504201041
62 5.813619169924516
63 6.267742478113027
64 23.085225106353
65 22.099325581669298
66 23.103940154692875
67 21.500514112883707
68 21.64312805817647
69 23.009477738860365
70 22.496854878767774
71 22.539498164297722
72 21.251251895203552
73 22.079780281173793
74 22.619469809881764
75 22.651500578011294
76 22.446818177599305
77 21.821813395004042
78 21.435481622884
79 21.324242827486277
80 22.414024867620185
81 21.558026262102786
82 21.39820106727119
83 22.0361849421608
84 22.345485454046013
85 21.989776149445998
86 22.919212900519405
87 21.22147094330006
88 22.09657093968683
89 22.402153240156128
90 22.167158684420272
91 23.014876305756776
92 21.945231345901245
93 21.77756099706635
94 22.816648531554982
95 22.927671197702214
96 22.82276353628473
97 21.6654779345242
98 21.674582487156716
99 22.72627122138775
100 22.160568484174714
101 21.879947244134925
102 21.645004827982877
103 22.732793285651635
104 21.681535684193797
105 21.76769147643902
106 21.702260935570287
107 21.47553866036193
108 22.415472682879876
109 22.30034998740926
110 21.17689287021087
111 22.143981446440065
112 23.03019269230609
113 22.800781016831387
114 21.781409163497326
115 22.566481902374342
116 22.626052489385327
117 22.24828967291974
118 21.1849832300547
119 21.94054332532445
120 21.45434384020299
121 22.21356604960771
122 21.876087966907132
123 21.58679459841541
124 21.753408664223365
125 22.374020580338474
126 21.390762522195228
127 22.975912433246123
128 29.153992765476858
129 28.760104352391526
130 29.586608354129623
131 29.51608251567433
132 28.916836288663237
133 28.289129679922155
134 29.24313670378337
135 28.39190911405961
136 29.41413975129209
137 29.1704602271566
138 29.72952877522682
139 28.078920159989895
140 28.45959628437527
141 28.297540468720722
142 28.885333332114364
143 28.5169659344589
144 29.111349353618717
145 28.91441293170663
146 29.889172487735276
147 28.156627741685504
148 29.38406988340327
149 28.819281743547304
150 28.41134161834731
151 28.208016443218124
152 28.70514267856516
153 28.13691960138999
154 28.061975541225063
155 29.677124772924884
156 29.43753938146909
157 29.19272141962113
158 28.927269356882253
159 28.574104209079046
160 28.4198224977013
161 29.212963083475746
162 29.554988721225016
163 29.138774322039477
164 29.569064695797096
165 28.993658502526635
166 29.414365317742426
167 29.294247637247686
168 29.806598111011134
169 29.886918949988036
170 29.3987011196044
171 29.63309557356648
172 29.705983507421383
173 29.007911607815952
174 29.225606723292927
175 29.74668150188065
176 28.33487463917061
177 28.97973427420384
178 28.080538932812242
179 28.546937402031936
180 28.985971847941283
181 28.825009580719428
182 28.780742290145337
183 29.68033214885248
184 28.50221681264009
185 28.191769281184285
186 28.941799292161065
187 29.287446250622864
188 29.550895261545254
189 28.59376881981843
190 28.659319356567508
191 29.682387124244034
192 16.69674447805623
193 15.70372214093715
194 15.528883628079107
195 15.815299930114797
196 17.2942329562326
197 16.312776576092233
198 16.67710467588135
199 15.609575934081514
200 16.13779309387125
201 16.291616288921755
202 15.481613291086438
203 16.28733448446674
204 15.895651824834342
205 16.10714759434257
206 15.560689701900149
207 15.989380319237927
208 16.640585048592538
209 16.155503700959088
210 17.13413558434909
211 16.863460092053497
212 15.590241630347018
213 16.581416270926706
214 15.971681254409244
215 16.13175321262586
216 15.479249804067747
217 16.56454873810724
218 17.11335363198647
219 15.697874430788826
220 16.59180317204984
221 15.782148081773348
222 15.637797940114142
223 16.41845548500457
224 16.114167797437897
225 16.763968839597222
226 15.846612347800159
227 16.682093546739384
228 17.017091880664882
229 16.982056112137954
230 17.009333180725314
231 16.042670491154865
232 16.557913016853487
233 17.11063856606082
234 17.173131494427665
235 16.616661762835758
236 15.74740149457892
237 17.162935376300695
238 16.60065418331217
239 17.031610694085288
240 17.368089647917984
241 16.86295802518283
242 16.770810242135774
243 17.073980784490168
244 16.99035832613453
245 16.516636444938946
246 17.216456720468795
247 15.983922295425165
248 16.324664391238098
249 16.780589870557762
250 16.66521949070714
251 16.149959481559005
252 17.31904660668622
253 16.80203770714024
254 16.852050978265176
255 16.29505297331657
256 20.547283578375243
257 19.465374729327383
258 20.40695300697284
259 20.566998173766994
260 19.980839544723434
261 19.00685807195139
262 20.461804241064005
263 19.66271884146359
264 19.832508444695982
265 19.019171020063816
266 19.26875255696815
267 19.650829148706034
268 19.637231588985717
269 20.469499458019943
270 19.53513699605613
271 19.647993211614413
272 19.611335259861658
273 19.703034730431927
274 19.157910365931663
275 20.052537216100006
276 19.589541976474436
277 19.628966938366375
278 20.150942876364503
279 19.375486630769068
280 19.07330436335103
281 20.68269106044745
282 19.644047534187212
283 19.129215074583787
284 19.32788521601261
285 19.280107935664017
286 20.70218109557511
287 19.542084385872563
288 20.8618792765009
289 20.847162650258696
290 19.42434293485676
291 19.186322546890814
292 19.061440730281433
293 20.070985981743224
294 20.521868644779428
295 20.33296241049805
296 20.119342742524154
297 19.347621470675623
298 19.707094598409142
299 19.063624469067374
300 20.557460379740135
301 20.318812735121092
302 19.38874317103451
303 19.333454665930255
304 20.02088209846332
305 19.249844028166237
306 20.176822629158472
307 19.66781979904117
308 19.427277919175534
309 20.7138531562516
310 20.493081668715124
311 19.44315421418189
312 19.97768389919018
313 19.586215729969304
314 19.42904888689637
315 20.91388234208974
316 20.056797888811598
317 20.26637696409191
318 20.79275687234242
319 20.21444452715681
320.0 18.546705538022973
