0 5.818222422912827
1 6.497839618856233
2 5.1519540580279894
3 6.136075482941912
4 5.0195420880692865
5 6.175768015628314
6 6.632694439358971
7 6.15278270948794
8 5.530952828810851
9 5.924682166236415
10 6.018554226593375
11 5.65883271252941
12 6.5806432890212125
13 5.525031663332605
14 5.838851147659697
15 5.18204438264278
16 5.445515700290772
17 5.687238066598667
18 5.187215360145905
19 5.2486524961267556
20 6.641759021059168
21 5.234445695425884
22 6.744035794085971
23 5.52012843860653
24 5.425527808597347
25 6.785497739393871
26 6.710197876140489
27 6.554015620421858
28 6.337214367258044
29 5.268817321725168
30 5.51717814130181
31 6.899052092554472
32 6.677347246013779
33 6.971552950103527
34 6.01856448496042
35 5.469657532598269
36 6.3219906289661205
37 6.8172192209249225
38 6.456829371996546
39 6.535158644372666
40 6.14157847246496
41 6.65394903305254
42 5.279694186011585
43 5.194143418236039
44 6.006764954890325
45 6.06508734272441
46 6.106095726245012
47 6.148414736872901
48 5.40552093732949
49 6.926163652735217
50 6.015412725467257
51 5.777549001600182
52 5.39426733103455
53 5.6789107482849595
54 6.079438041056443
55 5.074974866290026
56 5.915273694140901
57 6.564215456440209
58 5.523698295674523
59 5.17401019570112
60 5.884942287419395
61 6.802959863384693
62 6.707081415435094
63 5.4908788926450285
64 21.153968912433065
65 22.95393630076349
66 22.501138466496172
67 21.395413041035507
68 22.356488039430307
69 21.544116598765118
70 21.570346603206556
71 22.478541389184333
72 21.757249667388177
73 22.95826242284648
74 21.236883513113916
75 22.45285973627922
76 22.472725309721934
77 23.13239600193088
78 22.272564638467824
79 21.931971645440946
80 23.132339932513514
81 21.246211036039654
82 21.64240786294667
83 21.677886937497075
84 22.51555993039281
85 22.447783540451393
86 21.955754739504755
87 21.546145731511334
88 22.657108855998242
89 21.990193575526312
90 22.673702419054212
91 21.629175369900803
92 22.3401699761471
93 22.213518873900714
94 21.193000736913607
95 21.287748307045934
96 21.38605972886919
97 22.576217431153026
98 22.433188847450875
99 21.804142733456672
100 22.74529646423732
101 22.535946585416553
102 23.075658219157972
103 21.545056491627275
104 23.045416778983284
105 21.581511370630697
106 22.76040143344503
107 22.48033502971267
108 21.165082997624086
109 22.39907425140619
110 22.95528079800868
111 21.666583912003365
112 22.36617249779447
113 21.551945860090722
114 22.96212814776358
115 22.90694752907662
116 21.430947963183804
117 21.655979124593156
118 21.645199085162577
119 21.939056195508183
120 22.1803836505327
121 22.860960875017962
122 21.324888623886118
123 21.497792594015774
124 23.13442760426711
125 22.217641168149186
126 21.428553638515723
127 21.43950189609735
128 29.889493054132735
129 28.034868243110008
130 29.989776974755138
131 28.64795727812008
132 29.349878218369692
133 28.99866702695424
134 29.39619580546275
135 29.366980794935177
136 29.132760006254752
137 29.884980849666263
138 28.174375526190968
139 28.11536099473071
140 29.94775599837254
141 29.344191010108432
142 29.754477049703297
143 28.493779261910458
144 28.619128398293903
145 28.99622008933612
146 29.175525768534403
147 29.619273099050236
148 28.069686231381095
149 29.6192226686148
150 28.340716170351477
151 28.436757693225065
152 28.169138497231835
153 28.680337110763123
154 28.38116109093082
155 28.82606363857607
156 28.43723144333558
157 28.866268708642185
158 29.459215210798387
159 28.677221698830746
160 29.861714923017928
161 28.38577596573472
162 29.091549342477443
163 29.57235943990797
164 28.109124422015864
165 29.464351424283215
166 28.078855333470976
167 29.29111053587052
168 28.876526045674918
169 28.707772560231255
170 29.613544436588395
171 29.18079889277494
172 29.134377707571463
173 29.87128172638455
174 29.093114598563886
175 29.61342519722508
176 29.48128083284856
177 29.063077127357502
178 29.83945292645242
179 28.30090071488382
180 29.886332159806106
181 29.72211574060978
182 29.03093432756794
183 28.10899193777732
184 28.136452393533073
185 28.15476135904484
186 28.118818747671963
187 30.017847365542455
188 29.543115775134922
189 29.060947336739325
190 29.519365220725522
191 29.700559393683704
192 17.025240735297423
193 16.077629219196737
194 17.437495071276263
195 16.94595166228731
196 16.080847980970038
197 16.537577391817354
198 16.56934246587032
199 15.651630262021111
200 15.837750596104058
201 16.216746193586175
202 16.045103841628137
203 17.291953910728925
204 17.292184936258682
205 16.67282575284822
206 17.16187433521723
207 15.625668739398549
208 16.199253528280906
209 17.14698254173568
210 17.313592218584066
211 15.49256127014951
212 17.25542525047282
213 17.027772271505466
214 17.031415546277238
215 16.468607225706698
216 17.37982588059904
217 16.864953852796603
218 17.3623342476921
219 16.234207525663162
220 17.247602550313843
221 17.361462709043174
222 17.157038006306504
223 17.34249271746682
224 16.706674933455968
225 17.0291275987668
226 16.755294717250738
227 17.3042144631172
228 17.41664900732863
229 16.480490148913827
230 16.907515064624796
231 16.172440648080794
232 17.20674568221461
233 17.262487716777287
234 15.944728315431025
235 16.476772693372823
236 15.838432457990145
237 15.953450022181398
238 15.892351271370842
239 17.417728909025133
240 17.184493030979695
241 16.71555116212324
242 16.17396188422674
243 15.679582935795715
244 15.880601424004562
245 16.916126735849375
246 15.796344405106646
247 15.593659018403027
248 15.96582119058978
249 17.216383411013133
250 16.296585885571258
251 15.801826422128869
252 16.730151856417663
253 16.281716417599107
254 16.85432681105549
255 16.263465470960096
256 19.045663464201454
257 19.832601718360834
258 19.23098337112607
259 20.98316624453382
260 20.714095394883344
261 19.901165954265018
262 20.310509570522782
263 20.858409888119574
264 20.694952880175574
265 19.755335182556145
266 19.813236523495473
267 19.69797841040862
268 20.04522062459791
269 19.724019527511054
270 19.86063243977089
271 19.83298916858188
272 19.269059890846854
273 20.56840921067525
274 19.102122046630498
275 19.299774208450554
276 19.832875380108774
277 20.079298950039618
278 19.284303808707023
279 20.323686438518855
280 20.754560246774194
281 19.02858409710439
282 19.69212842941586
283 19.527148676357598
284 20.67823103175939
285 19.42332037158357
286 19.715694029887402
287 19.981455745841508
288 20.28317565830767
289 20.66166565474087
290 20.064167981258127
291 20.45183717324059
292 20.337464057714428
293 19.80974601971969
294 19.47146266910224
295 20.46538146792751
296 20.248457940921593
297 19.269830167207928
298 19.798191965905907
299 19.328591626538774
300 19.466463774974265
301 20.479832804240388
302 19.815194145825863
303 20.275923748217817
304 20.94669609248234
305 20.797382149090808
306 19.787521212020447
307 19.460352420983874
308 19.815906133885917
309 20.167923347321366
310 20.35158169274332
311 19.440477142478095
312 20.16000372057055
313 20.238827817601194
314 20.18322154065605
315 19.76732460608084
316 20.068156617951807
317 19.254887591088206
318 18.996845375216186
319 20.797768455193815
320.0 17.777430532506745
